%attachment_version: 2.1
%description: CalCOFI line 90 (Magnus)
%status: deployed
%platform: Wave Glider
%column_001: Epoch (unit=s)
%column_002: Year
%column_003: Month
%column_004: Day
%column_005: Hour
%column_006: Minute
%column_007: Second
%column_008: Latitude (deg N)
%column_009: Longitude (deg E)
%column_010: GPS Altitude (m)
%column_011: Vector Averaged Wind Direction (deg)
%column_012: Vector Averaged Wind Speed (Knots)
%column_013: Minimum Wind Speed over averaging period (Knots)
%column_014: Maximum Wind Speed over averaging period (Knots)
%column_015: Wind Speed at 10m (Knots)
%column_016: Air Temperature (C)
%column_017: Relative Humidity (%)
%column_018: Wind Chill (C)
%column_019: Heat Index (C)
%column_020: Dew/Frost Point (C)
%column_021: Barometric Pressure (in. Hg)
%column_022: Altimeter Setting (in. Hg)
%column_023: Sea Level Pressure (mb)
%column_024: Pressure Altitude (ft)
%column_025: Density Altitude (ft)
%column_026: WXT520 Internal Temperature (C)
%column_027: Rain Accumulation (in)
%column_028: 3hr Rain Accumulation (in)
%column_029: 6hr Rain Accumulation (in)
%column_030: 24hr Rain Accumulation (in)
%column_031: Rain Duration (s)
%column_032: Rain Intensity (in/hr)
%column_033: Rain Peak Intensity (in/hr)
%column_034: Hail Accumulation (hits/cm2)
%column_035: Hail Duration (s)
%column_036: Hail Intensity (hits/cm2/hr)
%column_037: Firmware Version
%column_038: Reporting Interval (min)
%column_039: CF2 Epoch (unit=s)
%column_040: System Voltage Measured at CF2 (V)
%column_041: GPS Epoch (unit=s)
%column_042: GPS Latitude (deg N)
%column_043: GPS Longitude (deg E)
%column_044: GPS fix quality indicator (0=invalid, 1=valid[SPS], 2=valid[DGPS])
%column_045: Number of Satellites used for GPS
%column_046: Pitch (deg)
%column_047: Roll (deg)
%column_048: Pitch Maximum (deg)
%column_049: Roll Maximum (deg)
%column_050: Compass Relative Magnitude of Horizontal Component of Magnetic Field
%column_051: Average Compass Heading (deg)
%column_052: SBD Epoch (unit=s)
%column_053: SBD Latitude (deg N)
%column_054: SBD Longitude (deg E)
1622596614	2021	06	02	01	16	54	32.93632	-117.46548	  -1.4	293.56	1.85	0.19	5.83	2.25	15.00	82.70	NaN	NaN	12.09	29.94	29.94	NaN	-17.34	175.77	15.20	0.0000	NaN	NaN	NaN	0.00	0.0000	0.0000	0.00	0.00	0.00	2.04	10	1622596492	14.89	1622595704	32.93632	-117.46548	1	9	0.51	1.32	24.1	9.7	4560	211.5	1622596614	32.90625	-117.42586
1622597723	2021	06	02	01	35	23	32.93233	-117.46553	   2.5	291.04	5.52	1.56	8.55	6.73	15.00	82.40	NaN	NaN	12.04	29.93	29.93	NaN	-8.09	186.57	15.20	0.0000	NaN	NaN	NaN	0.00	0.0000	0.0000	0.00	0.00	0.00	2.04	10	1622597156	12.49	1622596685	32.93233	-117.46553	2	12	0.34	1.20	4.0	4.1	4716	308.9	1622597723	32.90478	-117.61711
1622598768	2021	06	02	01	52	48	32.93195	-117.46712	   3.0	278.73	4.51	0.97	9.72	5.50	14.90	83.10	NaN	NaN	12.07	29.94	29.94	NaN	-17.34	163.64	15.10	0.0000	NaN	NaN	NaN	0.00	0.0000	0.0000	0.00	0.00	0.00	2.04	10	1622598137	12.40	1622597787	32.93195	-117.46712	2	11	0.37	1.16	3.2	3.4	4852	325.8	1622598768	32.91461	-117.48354
1622599682	2021	06	02	02	08	02	32.93214	-117.46767	   6.2	316.73	3.40	0.39	6.42	4.15	15.00	83.40	NaN	NaN	12.22	29.94	29.94	NaN	-17.34	177.30	15.10	0.0000	NaN	NaN	NaN	0.00	0.0000	0.0000	0.00	0.00	0.00	2.04	10	1622599239	12.39	1622598829	32.93214	-117.46767	2	10	0.20	1.15	3.6	3.6	4982	327.1	1622599682	32.91461	-117.48354
1622600605	2021	06	02	02	23	25	32.93229	-117.46841	   0.9	294.92	2.68	0.39	6.42	3.27	15.00	83.90	NaN	NaN	12.31	29.94	29.94	NaN	-17.34	178.39	15.20	0.0000	NaN	NaN	NaN	0.00	0.0000	0.0000	0.00	0.00	0.00	2.04	10	1622600281	12.40	1622599751	32.93229	-117.46841	2	11	0.15	1.14	3.1	3.2	4925	339.6	1622600605	32.92365	-117.44557
1622601525	2021	06	02	02	38	45	32.93247	-117.46844	  -2.1	282.26	3.13	0.19	7.39	3.82	14.90	83.60	NaN	NaN	12.16	29.94	29.94	NaN	-17.34	164.72	15.10	0.0000	NaN	NaN	NaN	0.00	0.0000	0.0000	0.00	0.00	0.00	2.04	10	1622601203	12.44	1622600674	32.93247	-117.46844	2	10	0.27	1.14	3.3	4.4	4914	336.0	1622601525	32.94489	-117.48354
1622602450	2021	06	02	02	54	10	32.93254	-117.46875	  -0.6	314.92	5.54	3.11	8.16	6.75	14.90	84.60	NaN	NaN	12.34	29.95	29.95	NaN	-26.57	155.43	15.00	0.0000	NaN	NaN	NaN	0.00	0.0000	0.0000	0.00	0.00	0.00	2.04	10	1622602126	12.43	1622601596	32.93254	-117.46875	2	9	0.25	1.18	3.6	3.4	4989	342.9	1622602450	32.91461	-117.48354
1622603442	2021	06	02	03	10	42	32.93265	-117.46877	  -0.3	307.89	4.32	0.78	8.16	5.26	14.70	84.50	NaN	NaN	12.13	29.95	29.95	NaN	-26.57	129.16	14.90	0.0000	NaN	NaN	NaN	0.00	0.0000	0.0000	0.00	0.00	0.00	2.04	10	1622603048	12.42	1622602518	32.93265	-117.46877	2	7	0.25	1.20	4.1	3.3	4888	338.4	1622603442	32.92365	-117.44557
1622604563	2021	06	02	03	29	23	32.93308	-117.46921	   3.7	294.27	4.67	0.00	8.94	5.69	14.80	86.40	NaN	NaN	12.56	29.95	29.95	NaN	-26.57	146.29	14.90	0.0000	NaN	NaN	NaN	0.00	0.0000	0.0000	0.00	0.00	0.00	2.04	10	1622603971	12.36	1622603500	32.93308	-117.46921	2	7	0.31	1.19	3.6	3.6	5125	344.5	1622604563	32.91461	-117.48354
1622605664	2021	06	02	03	47	44	32.93343	-117.46950	  -4.6	1.28	2.29	0.39	4.28	2.80	14.70	86.00	NaN	NaN	12.40	29.95	29.95	NaN	-26.57	132.38	14.80	0.0000	NaN	NaN	NaN	0.00	0.0000	0.0000	0.00	0.00	0.00	2.04	10	1622604953	12.43	1622604633	32.93343	-117.46950	2	8	0.09	1.14	3.4	4.0	5033	348.1	1622605664	32.92365	-117.44557
1622606585	2021	06	02	04	03	05	32.93413	-117.46977	  -5.6	2.97	3.46	0.97	7.58	4.22	14.80	86.30	NaN	NaN	12.55	29.96	29.96	NaN	-35.81	134.61	14.80	0.0000	NaN	NaN	NaN	0.00	0.0000	0.0000	0.00	0.00	0.00	2.04	10	1622606085	12.42	1622605733	32.93413	-117.46977	2	9	0.13	1.14	3.4	3.2	5080	353.9	1622606585	32.91461	-117.48354
1622607507	2021	06	02	04	18	27	32.93467	-117.46981	  -5.7	341.34	4.16	1.36	7.39	5.07	14.80	86.30	NaN	NaN	12.55	29.96	29.96	NaN	-35.81	134.61	14.90	0.0000	NaN	NaN	NaN	0.00	0.0000	0.0000	0.00	0.00	0.00	2.04	10	1622607186	12.44	1622606654	32.93467	-117.46981	2	10	0.13	1.13	2.8	3.7	5157	355.2	1622607507	32.92365	-117.44557
1622608424	2021	06	02	04	33	44	32.93511	-117.46976	  -4.1	295.16	3.38	0.39	8.16	4.12	14.70	86.70	NaN	NaN	12.52	29.96	29.96	NaN	-35.81	122.42	14.80	0.0000	NaN	NaN	NaN	0.00	0.0000	0.0000	0.00	0.00	0.00	2.04	10	1622608106	12.44	1622607575	32.93511	-117.46976	2	11	0.17	1.11	2.8	3.8	5269	5.2	1622608424	32.95394	-117.44557
1622609346	2021	06	02	04	49	06	32.93559	-117.46937	  -5.2	347.86	3.44	0.39	8.16	4.19	14.70	87.30	NaN	NaN	12.62	29.96	29.96	NaN	-35.81	123.70	14.80	0.0000	NaN	NaN	NaN	0.00	0.0000	0.0000	0.00	0.00	0.00	2.04	10	1622609027	12.43	1622608495	32.93559	-117.46937	2	10	0.12	1.13	2.7	3.5	5166	0.4	1622609346	32.91461	-117.48354
1622610267	2021	06	02	05	04	27	32.93576	-117.46922	  -3.5	4.53	3.09	0.78	5.64	3.77	14.70	87.20	NaN	NaN	12.61	29.97	29.97	NaN	-45.04	112.04	14.80	0.0000	NaN	NaN	NaN	0.00	0.0000	0.0000	0.00	0.00	0.00	2.04	10	1622609947	12.46	1622609415	32.93576	-117.46922	2	9	-0.02	1.14	2.6	3.1	5181	2.4	1622610267	32.92365	-117.44557
1622611186	2021	06	02	05	19	46	32.93600	-117.46904	  -3.8	10.14	4.39	1.56	7.19	5.36	14.80	87.50	NaN	NaN	12.76	29.97	29.97	NaN	-45.04	125.75	14.90	0.0000	NaN	NaN	NaN	0.00	0.0000	0.0000	0.00	0.00	0.00	2.04	10	1622610867	12.39	1622610335	32.93600	-117.46904	2	9	0.05	1.15	3.0	3.0	5284	359.5	1622611186	32.95394	-117.44557
1622612104	2021	06	02	05	35	04	32.93587	-117.46922	   1.2	358.06	3.99	1.56	6.03	4.86	14.90	88.00	NaN	NaN	12.94	29.96	29.96	NaN	-35.81	151.36	14.90	0.0000	NaN	NaN	NaN	0.00	0.0000	0.0000	0.00	0.00	0.00	2.04	10	1622611787	12.44	1622611255	32.93587	-117.46922	2	10	0.02	1.14	2.7	3.1	5317	6.6	1622612104	32.91461	-117.48354
1622613080	2021	06	02	05	51	20	32.93586	-117.46919	   2.8	9.70	5.03	1.17	8.75	6.14	14.90	88.20	NaN	NaN	12.98	29.96	29.96	NaN	-35.81	151.79	15.00	0.0000	NaN	NaN	NaN	0.00	0.0000	0.0000	0.00	0.00	0.00	2.04	10	1622612707	12.45	1622612175	32.93586	-117.46919	2	10	0.09	1.14	2.2	3.0	5140	5.4	1622613080	32.94615	-117.29221
1622614006	2021	06	02	06	06	46	32.93567	-117.46940	   5.7	16.55	4.43	1.75	7.97	5.40	14.80	87.70	NaN	NaN	12.79	29.96	29.96	NaN	-35.81	137.63	15.00	0.0000	NaN	NaN	NaN	0.00	0.0000	0.0000	0.00	0.00	0.00	2.04	10	1622613628	12.38	1622613153	32.93567	-117.46940	2	10	0.16	1.15	2.3	3.1	5109	10.4	1622614006	32.94489	-117.48354
1622614978	2021	06	02	06	22	58	32.93547	-117.46950	   6.5	358.97	4.34	2.33	7.97	5.29	14.80	87.60	NaN	NaN	12.78	29.95	29.95	NaN	-26.57	148.87	15.00	0.0000	NaN	NaN	NaN	0.00	0.0000	0.0000	0.00	0.00	0.00	2.04	10	1622614606	12.43	1622614072	32.93547	-117.46950	2	11	0.11	1.14	1.9	2.8	5273	16.8	1622614978	32.95394	-117.44557
1622615905	2021	06	02	06	38	25	32.93577	-117.46932	   4.2	350.31	2.76	0.39	5.25	3.37	14.80	87.60	NaN	NaN	12.78	29.95	29.95	NaN	-26.57	148.87	14.90	0.0000	NaN	NaN	NaN	0.00	0.0000	0.0000	0.00	0.00	0.00	2.04	10	1622615526	12.46	1622615051	32.93577	-117.46932	2	10	0.10	1.14	2.5	3.5	5163	9.2	1622615905	32.95394	-117.44557
1622616823	2021	06	02	06	53	43	32.93571	-117.46935	   7.9	8.49	3.91	0.19	7.58	4.76	14.80	87.40	NaN	NaN	12.74	29.95	29.95	NaN	-26.57	148.44	15.00	0.0000	NaN	NaN	NaN	0.00	0.0000	0.0000	0.00	0.00	0.00	2.04	10	1622616506	12.48	1622615971	32.93571	-117.46935	2	10	-0.00	1.13	2.1	2.9	5241	3.1	1622616823	32.94489	-117.48354
1622617802	2021	06	02	07	10	02	32.93539	-117.46956	   6.7	333.61	3.32	1.36	7.39	4.05	14.80	87.20	NaN	NaN	12.71	29.94	29.94	NaN	-17.34	159.47	14.90	0.0000	NaN	NaN	NaN	0.00	0.0000	0.0000	0.00	0.00	0.00	2.04	10	1622617425	12.46	1622616892	32.93539	-117.46956	2	10	0.16	1.12	2.3	3.0	5191	9.4	1622617802	32.95394	-117.44557
1622618841	2021	06	02	07	27	21	32.93532	-117.46964	   2.8	6.99	4.67	1.94	7.39	5.69	15.00	87.50	NaN	NaN	12.95	29.94	29.94	NaN	-17.34	186.25	15.00	0.0000	NaN	NaN	NaN	0.00	0.0000	0.0000	0.00	0.00	0.00	2.04	10	1622618345	12.45	1622617873	32.93532	-117.46964	2	10	0.08	1.13	1.8	3.2	5171	8.9	1622618841	32.91461	-117.48354
1622619756	2021	06	02	07	42	36	32.93527	-117.46968	   5.6	28.83	4.51	1.56	7.97	5.50	15.00	87.40	NaN	NaN	12.94	29.93	29.93	NaN	-8.09	197.50	15.10	0.0000	NaN	NaN	NaN	0.00	0.0000	0.0000	0.00	0.00	0.00	2.04	10	1622619326	12.45	1622618911	32.93527	-117.46968	2	9	0.06	1.11	1.8	2.9	5292	7.5	1622619756	32.95394	-117.44557
1622620691	2021	06	02	07	58	11	32.93500	-117.46971	   5.3	323.27	2.76	0.58	6.03	3.37	14.90	87.70	NaN	NaN	12.89	29.93	29.93	NaN	-8.09	185.08	15.00	0.0000	NaN	NaN	NaN	0.00	0.0000	0.0000	0.00	0.00	0.00	2.04	10	1622620364	12.44	1622619832	32.93500	-117.46971	2	10	-0.00	1.13	1.7	2.9	4477	288.4	1622620691	32.95458	-117.34988
1622621728	2021	06	02	08	15	28	32.93163	-117.47170	   2.7	327.71	3.65	1.36	6.61	4.46	15.10	87.80	NaN	NaN	13.11	29.92	29.92	NaN	1.15	222.91	15.10	0.0000	NaN	NaN	NaN	0.00	0.0000	0.0000	0.00	0.00	0.00	2.04	10	1622621284	12.44	1622620754	32.93163	-117.47170	2	9	-0.12	1.11	2.1	3.0	4483	182.2	1622621728	32.92365	-117.44557
1622622649	2021	06	02	08	30	49	32.92571	-117.47140	  -0.2	322.35	4.24	1.75	6.80	5.17	15.10	88.20	NaN	NaN	13.18	29.91	29.91	NaN	10.40	235.26	15.20	0.0000	NaN	NaN	NaN	0.00	0.0000	0.0000	0.00	0.00	0.00	2.04	10	1622622206	12.44	1622621797	32.92571	-117.47140	2	9	0.13	1.17	2.5	3.5	5166	69.5	1622622649	32.94489	-117.48354
1622623625	2021	06	02	08	47	05	32.92449	-117.46904	  -2.6	341.84	6.14	3.69	10.11	7.49	15.30	87.70	NaN	NaN	13.29	29.91	29.91	NaN	10.40	260.31	15.30	0.0000	NaN	NaN	NaN	0.00	0.0000	0.0000	0.00	0.00	0.00	2.04	10	1622623249	12.43	1622622718	32.92449	-117.46904	2	11	0.18	1.16	1.9	3.0	5298	11.5	1622623625	32.92365	-117.44557
1622624548	2021	06	02	09	02	28	32.92595	-117.46883	  -2.6	348.53	6.55	3.11	9.14	7.99	15.20	87.50	NaN	NaN	13.15	29.91	29.91	NaN	10.40	246.79	15.30	0.0000	NaN	NaN	NaN	0.00	0.0000	0.0000	0.00	0.00	0.00	2.04	10	1622624171	12.45	1622623696	32.92595	-117.46883	2	11	0.23	1.19	2.9	3.2	5156	16.0	1622624548	32.92365	-117.44557
1622625469	2021	06	02	09	17	49	32.92567	-117.46891	  -2.5	354.36	5.56	2.92	8.75	6.78	15.40	88.00	NaN	NaN	13.44	29.90	29.90	NaN	19.64	285.52	15.50	0.0000	NaN	NaN	NaN	0.00	0.0000	0.0000	0.00	0.00	0.00	2.04	10	1622625151	12.40	1622624617	32.92567	-117.46891	2	10	0.31	1.16	4.3	3.0	5210	10.7	1622625469	32.94489	-117.48354
1622626388	2021	06	02	09	33	08	32.92567	-117.46891	  -0.4	348.21	6.80	3.30	9.53	8.30	15.40	87.80	NaN	NaN	13.40	29.90	29.90	NaN	19.64	285.08	15.50	0.0000	NaN	NaN	NaN	0.00	0.0000	0.0000	0.00	0.00	0.00	2.04	10	1622626071	12.44	1622625537	32.92567	-117.46891	2	10	0.42	1.15	6.5	3.6	5255	9.5	1622626388	32.92365	-117.44557
1622627323	2021	06	02	09	48	43	32.92568	-117.46881	  -3.6	327.34	4.90	1.94	8.16	5.97	15.30	87.30	NaN	NaN	13.22	29.90	29.90	NaN	19.64	270.88	15.40	0.0000	NaN	NaN	NaN	40.00	0.0000	0.0000	0.00	0.00	0.00	2.04	10	1622626991	12.43	1622626458	32.92568	-117.46881	2	9	0.52	1.13	4.8	3.7	5269	12.2	1622627323	32.91527	-117.38788
1622628232	2021	06	02	10	03	52	32.92594	-117.46877	   2.3	326.80	5.33	2.33	8.55	6.49	15.40	87.30	NaN	NaN	13.31	29.89	29.89	NaN	28.90	295.42	15.40	0.0000	NaN	NaN	NaN	40.00	0.0000	0.0000	0.00	0.00	0.00	2.04	10	1622627912	12.43	1622627379	32.92594	-117.46877	2	9	0.33	1.15	5.2	3.5	5186	11.1	1622628232	32.94334	-117.67485
1622629150	2021	06	02	10	19	10	32.92635	-117.46878	   4.8	328.00	6.67	4.08	9.14	8.13	15.50	87.20	NaN	NaN	13.39	29.89	29.89	NaN	28.90	308.27	15.50	0.0000	NaN	NaN	NaN	60.00	0.0000	0.0000	0.00	0.00	0.00	2.04	10	1622628833	12.44	1622628300	32.92635	-117.46878	2	10	0.43	1.15	5.0	3.8	5194	9.7	1622629150	32.90625	-117.42586
1622630074	2021	06	02	10	34	34	32.92661	-117.46870	   4.0	344.20	6.88	3.69	9.91	8.39	15.40	87.50	NaN	NaN	13.35	29.89	29.89	NaN	28.90	295.87	15.50	0.0000	NaN	NaN	NaN	100.00	0.0000	0.0000	0.00	0.00	0.00	2.04	10	1622629754	12.43	1622629221	32.92661	-117.46870	2	11	0.41	1.25	4.5	3.8	5247	7.5	1622630074	32.91461	-117.48354
1622630993	2021	06	02	10	49	53	32.92702	-117.46867	   2.8	332.58	4.43	2.14	7.58	5.40	15.20	87.80	NaN	NaN	13.20	29.89	29.89	NaN	28.90	270.39	15.30	0.0000	NaN	NaN	NaN	120.00	0.0000	0.0000	0.00	0.00	0.00	2.04	10	1622630675	12.43	1622630142	32.92702	-117.46867	2	10	0.35	1.17	4.4	4.1	5129	11.7	1622630993	32.91461	-117.48354
1622631914	2021	06	02	11	05	14	32.92756	-117.46852	   1.7	339.87	5.93	1.75	8.94	7.23	15.30	87.60	NaN	NaN	13.27	29.89	29.89	NaN	28.90	283.02	15.40	0.0000	NaN	NaN	NaN	140.00	0.0000	0.0000	0.00	0.00	0.00	2.04	10	1622631596	12.44	1622631062	32.92756	-117.46852	2	9	0.32	1.25	5.4	3.9	5181	7.6	1622631914	32.95394	-117.44557
1622632836	2021	06	02	11	20	36	32.92876	-117.46834	   0.6	357.54	5.52	2.14	9.72	6.73	15.30	87.90	NaN	NaN	13.32	29.89	29.89	NaN	28.90	283.69	15.40	0.0000	NaN	NaN	NaN	160.00	0.0000	0.0000	0.00	0.00	0.00	2.04	10	1622632516	12.44	1622631982	32.92876	-117.46834	2	8	0.39	1.30	5.2	4.5	5320	7.5	1622632836	32.92365	-117.44557
1622633818	2021	06	02	11	36	58	32.93191	-117.46763	  -1.9	341.69	5.62	2.92	8.75	6.85	15.40	87.30	NaN	NaN	13.31	29.89	29.89	NaN	28.90	295.42	15.40	0.0000	NaN	NaN	NaN	170.00	0.0000	0.0000	0.00	0.00	0.00	2.04	10	1622633437	12.43	1622632903	32.93191	-117.46763	2	9	0.08	1.30	4.1	4.5	4924	335.6	1622633818	32.91461	-117.48354
1622634737	2021	06	02	11	52	17	32.93476	-117.46977	  -0.8	2.38	6.08	2.92	10.11	7.42	15.30	87.50	NaN	NaN	13.25	29.89	29.89	NaN	28.90	282.80	15.40	0.0000	NaN	NaN	NaN	170.00	0.0000	0.0000	0.00	0.00	0.00	2.04	10	1622634358	12.43	1622633886	32.93476	-117.46977	2	8	0.41	1.26	3.9	3.3	5378	26.5	1622634737	32.96299	-117.40758
1622635859	2021	06	02	12	10	59	32.93655	-117.46592	  -3.2	320.32	3.79	0.97	8.36	4.62	15.20	87.50	NaN	NaN	13.15	29.89	29.89	NaN	28.90	269.73	15.40	0.0000	NaN	NaN	NaN	170.00	0.0000	0.0000	0.00	0.00	0.00	2.04	10	1622635341	12.40	1622634806	32.93655	-117.46592	2	9	-0.26	1.28	3.5	4.0	4606	204.1	1622635859	32.91527	-117.38788
1622636794	2021	06	02	12	26	34	32.93294	-117.46909	  -2.3	348.62	5.44	2.33	8.16	6.64	15.30	87.50	NaN	NaN	13.25	29.89	29.89	NaN	28.90	282.80	15.40	0.0000	NaN	NaN	NaN	170.00	0.0000	0.0000	0.00	0.00	0.00	2.04	10	1622636261	12.42	1622635940	32.93294	-117.46909	2	9	0.27	1.24	4.1	4.0	5107	353.4	1622636794	32.94489	-117.48354
1622637713	2021	06	02	12	41	53	32.93567	-117.46951	   0.9	356.39	6.65	4.08	10.50	8.11	15.60	88.40	NaN	NaN	13.70	29.89	29.89	NaN	28.90	324.07	15.50	0.0000	NaN	NaN	NaN	190.00	0.0000	0.0000	0.00	0.00	0.00	2.04	10	1622637394	12.37	1622636862	32.93567	-117.46951	2	9	0.46	1.27	3.8	3.7	5192	39.1	1622637713	32.92365	-117.44557
1622638756	2021	06	02	12	59	16	32.93563	-117.46483	  -1.3	321.32	6.08	2.14	10.50	7.42	15.70	87.50	NaN	NaN	13.64	29.90	29.90	NaN	19.64	323.64	15.80	0.0000	NaN	NaN	NaN	200.00	0.0000	0.0000	0.00	0.00	0.00	2.04	10	1622638316	12.42	1622637782	32.93563	-117.46483	2	9	-0.53	1.25	3.2	3.8	4791	236.0	1622638756	32.95394	-117.44557
1622639736	2021	06	02	13	15	36	32.93251	-117.46836	  -2.0	339.28	6.45	4.28	8.94	7.87	15.90	87.90	NaN	NaN	13.91	29.91	29.91	1012.90	10.40	339.27	15.90	0.0008	NaN	NaN	NaN	240.00	0.0000	0.0236	0.00	0.00	0.00	2.04	10	1622639237	12.43	1622638826	32.93251	-117.46836	2	10	0.02	1.23	2.9	4.2	4967	337.9	1622639736	32.94489	-117.48354
1622640662	2021	06	02	13	31	02	32.93473	-117.46989	  -0.8	348.42	6.63	3.50	10.30	8.08	16.00	87.00	NaN	NaN	13.85	29.91	29.91	1012.90	10.40	350.26	16.00	0.0008	NaN	NaN	NaN	260.00	0.0000	0.0236	0.00	0.00	0.00	2.04	10	1622640281	12.43	1622639810	32.93473	-117.46989	2	10	0.44	1.25	4.7	3.8	5278	17.1	1622640662	32.95394	-117.44557
1622641586	2021	06	02	13	46	26	32.93681	-117.46725	  -0.9	342.70	5.37	3.11	8.36	6.54	16.00	86.20	NaN	NaN	13.71	29.91	29.91	1012.90	10.40	348.40	16.10	0.0008	NaN	NaN	NaN	270.00	0.0000	0.0236	0.00	0.00	0.00	2.04	10	1622641264	12.43	1622640731	32.93681	-117.46725	2	8	0.17	1.25	4.0	4.2	4438	142.6	1622641586	32.90625	-117.42586
1622642692	2021	06	02	14	04	52	32.93230	-117.46646	  -1.9	328.79	7.12	4.67	9.33	8.67	15.90	85.80	NaN	NaN	13.54	29.91	29.91	1012.90	10.40	334.41	16.00	0.0008	NaN	NaN	NaN	310.00	0.0000	0.0236	0.00	0.00	0.00	2.04	10	1622642185	12.43	1622641654	32.93230	-117.46646	2	11	-0.19	1.20	3.6	4.6	4834	313.2	1622642692	32.91461	-117.48354
1622643792	2021	06	02	14	23	12	32.93395	-117.46977	  -0.5	325.06	7.15	4.08	10.50	8.72	15.80	85.50	NaN	NaN	13.39	29.92	29.92	1013.23	1.15	309.20	15.90	0.0008	NaN	NaN	NaN	340.00	0.0000	0.0236	0.00	0.00	0.00	2.04	10	1622643109	12.41	1622642758	32.93395	-117.46977	2	11	0.55	1.25	4.8	4.1	5259	4.6	1622643792	32.91461	-117.48354
1622644723	2021	06	02	14	38	43	32.93664	-117.46688	   0.1	302.19	4.47	1.36	8.94	5.45	15.80	85.10	NaN	NaN	13.32	29.92	29.92	1013.23	1.15	308.28	15.90	0.0098	NaN	NaN	NaN	370.00	0.0000	0.5354	0.00	0.00	0.00	2.04	10	1622644212	12.41	1622643859	32.93664	-117.46688	2	11	-0.22	1.25	4.0	4.8	4487	159.1	1622644723	32.95394	-117.44557
1622645638	2021	06	02	14	53	58	32.93228	-117.46691	  -1.7	297.69	6.88	3.50	10.30	8.39	15.70	85.10	NaN	NaN	13.22	29.93	29.93	1013.57	-8.09	283.77	15.90	0.0098	NaN	NaN	NaN	420.00	0.0000	0.5354	0.00	0.00	0.00	2.04	10	1622645315	12.41	1622644782	32.93228	-117.46691	2	10	0.09	1.34	4.1	6.7	5149	320.7	1622645638	32.91461	-117.48354
1622646620	2021	06	02	15	10	20	32.93385	-117.46966	  -1.9	298.01	6.30	3.50	9.33	7.68	15.70	84.60	NaN	NaN	13.13	29.93	29.93	1013.57	-8.09	282.63	15.80	0.0098	NaN	NaN	NaN	440.00	0.0000	0.5354	0.00	0.00	0.00	2.04	10	1622646238	12.42	1622645706	32.93385	-117.46966	2	10	0.48	1.23	6.6	4.5	5178	1.3	1622646620	32.91461	-117.48354
1622647717	2021	06	02	15	28	37	32.93670	-117.46799	  -5.9	245.06	4.49	2.14	6.80	5.47	15.50	84.20	NaN	NaN	12.86	29.93	29.93	1013.57	-8.09	255.65	15.80	0.0098	NaN	NaN	NaN	450.00	0.0000	0.5354	0.00	0.00	0.00	2.04	10	1622647161	12.42	1622646688	32.93670	-117.46799	2	10	-0.19	1.27	3.4	5.0	4409	118.6	1622647717	32.92365	-117.44557
1622648647	2021	06	02	15	44	07	32.93224	-117.46716	   1.0	275.91	4.02	1.17	8.36	4.91	15.60	84.70	NaN	NaN	13.05	29.94	29.94	1013.91	-17.34	258.36	15.80	0.0102	NaN	NaN	NaN	490.00	0.0000	0.5354	0.00	0.00	0.00	2.04	10	1622648143	12.42	1622647791	32.93224	-117.46716	2	11	0.43	1.26	4.2	5.3	5190	330.1	1622648647	32.95394	-117.44557
1622649741	2021	06	02	16	02	21	32.93404	-117.46976	   2.8	311.02	2.90	0.19	6.03	3.53	15.60	84.00	NaN	NaN	12.92	29.94	29.94	1013.91	-17.34	256.77	15.90	0.0102	NaN	NaN	NaN	490.00	0.0000	0.5354	0.00	0.00	0.00	2.04	10	1622649246	12.43	1622648715	32.93404	-117.46976	2	12	0.38	1.27	5.1	5.7	5200	11.0	1622649741	32.95394	-117.44557
1622650669	2021	06	02	16	17	49	32.93669	-117.46712	  -0.2	267.76	4.10	1.36	7.58	5.00	15.70	84.80	NaN	NaN	13.16	29.94	29.94	1013.91	-17.34	271.63	16.00	0.0102	NaN	NaN	NaN	490.00	0.0000	0.5354	0.00	0.00	0.00	2.04	10	1622650170	12.43	1622649816	32.93669	-117.46712	2	12	-0.24	1.23	3.6	4.7	4480	143.4	1622650669	32.91461	-117.48354
1622651597	2021	06	02	16	33	17	32.93226	-117.46694	   6.2	301.24	4.70	2.14	7.78	5.74	15.60	84.30	NaN	NaN	12.97	29.94	29.94	1013.91	-17.34	257.45	15.90	0.0102	NaN	NaN	NaN	520.00	0.0000	0.5354	0.00	0.00	0.00	2.04	10	1622651271	12.43	1622650739	32.93226	-117.46694	2	10	0.27	1.27	4.7	4.8	5218	325.4	1622651597	32.95394	-117.44557
1622652645	2021	06	02	16	50	45	32.93427	-117.46990	   3.2	273.97	2.29	0.19	6.80	2.80	15.60	84.40	NaN	NaN	12.99	29.94	29.94	1013.91	-17.34	257.68	15.90	0.0102	NaN	NaN	NaN	520.00	0.0000	0.5354	0.00	0.00	0.00	2.04	10	1622652194	12.43	1622651663	32.93427	-117.46990	2	11	0.39	1.26	4.9	4.3	5293	17.4	1622652645	32.95394	-117.44557
1622653560	2021	06	02	17	06	00	32.93665	-117.46675	   0.9	267.77	3.27	0.58	5.83	3.98	15.60	84.00	NaN	NaN	12.92	29.94	29.94	1013.91	-17.34	256.77	16.10	0.0102	NaN	NaN	NaN	520.00	0.0000	0.5354	0.00	0.00	0.00	2.04	10	1622653118	12.43	1622652704	32.93665	-117.46675	2	12	-0.31	1.21	3.1	4.7	4511	153.2	1622653560	32.91461	-117.48354
1622654477	2021	06	02	17	21	17	32.93220	-117.46737	   0.2	313.66	4.35	2.14	6.80	5.31	15.60	85.00	NaN	NaN	13.10	29.94	29.94	1013.91	-17.34	259.04	16.00	0.0102	NaN	NaN	NaN	530.00	0.0000	0.5354	0.00	0.00	0.00	2.04	10	1622654159	12.40	1622653627	32.93220	-117.46737	2	11	0.24	1.26	4.4	5.3	5246	332.1	1622654477	32.91461	-117.48354
1622655401	2021	06	02	17	36	41	32.93468	-117.46984	   0.0	309.42	4.20	1.56	6.80	5.12	15.70	84.80	NaN	NaN	13.16	29.94	29.94	1013.91	-17.34	271.63	16.10	0.0102	NaN	NaN	NaN	530.00	0.0000	0.5354	0.00	0.00	0.00	2.04	10	1622655083	12.42	1622654551	32.93468	-117.46984	2	11	0.36	1.21	5.2	4.3	5231	23.3	1622655401	32.94489	-117.48354
1622656326	2021	06	02	17	52	06	32.93667	-117.46662	  -3.1	267.74	4.98	2.33	7.97	6.07	15.60	85.20	NaN	NaN	13.14	29.94	29.94	1013.91	-17.34	259.49	16.00	0.0102	NaN	NaN	NaN	530.00	0.0000	0.5354	0.00	0.00	0.00	2.04	10	1622656007	12.41	1622655472	32.93667	-117.46662	2	11	-0.28	1.26	3.7	4.5	4447	161.7	1622656326	32.92365	-117.44557
1622657320	2021	06	02	18	08	40	32.93229	-117.46732	  -5.3	292.92	5.93	3.69	8.16	7.23	15.50	85.50	NaN	NaN	13.09	29.94	29.94	1013.91	-17.34	247.12	15.90	0.0102	NaN	NaN	NaN	580.00	0.0000	0.5354	0.00	0.00	0.00	2.04	10	1622656928	12.41	1622656396	32.93229	-117.46732	2	10	0.46	1.23	5.3	5.0	5007	326.6	1622657320	32.92365	-117.44557
1622658232	2021	06	02	18	23	52	32.93507	-117.46973	  -4.4	307.77	4.55	0.00	7.39	5.55	15.50	84.60	NaN	NaN	12.93	29.94	29.94	1013.91	-17.34	245.09	16.00	0.0106	NaN	NaN	NaN	610.00	0.0000	0.5354	0.00	0.00	0.00	2.04	10	1622657851	12.43	1622657380	32.93507	-117.46973	2	8	0.55	1.24	4.4	3.8	5319	33.3	1622658232	32.95394	-117.44557
1622659333	2021	06	02	18	42	13	32.93634	-117.46556	  -3.8	273.01	5.87	1.56	9.33	7.16	15.70	84.40	NaN	NaN	13.09	29.94	29.94	1013.91	-17.34	270.72	16.30	0.0106	NaN	NaN	NaN	610.00	0.0000	0.5354	0.00	0.00	0.00	2.04	10	1622658835	12.40	1622658301	32.93634	-117.46556	2	8	-0.42	1.26	2.8	4.3	4606	200.7	1622659333	32.91461	-117.48354
1622660386	2021	06	02	18	59	46	32.93267	-117.46849	   0.9	297.06	6.20	3.30	9.14	7.56	15.60	84.20	NaN	NaN	12.96	29.94	29.94	1013.91	-17.34	257.23	16.20	0.0106	NaN	NaN	NaN	630.00	0.0000	0.5354	0.00	0.00	0.00	2.04	10	1622659756	12.39	1622659405	32.93267	-117.46849	2	9	0.55	1.23	5.1	4.6	5340	340.5	1622660386	32.91461	-117.48354
1622661304	2021	06	02	19	15	04	32.93609	-117.46908	  -1.9	298.99	3.89	1.17	6.42	4.74	15.80	83.20	NaN	NaN	12.97	29.93	29.93	1013.57	-8.09	292.45	16.40	0.0106	NaN	NaN	NaN	640.00	0.0000	0.5354	0.00	0.00	0.00	2.04	10	1622660860	12.40	1622660449	32.93609	-117.46908	2	8	0.24	1.24	3.8	5.0	5060	68.2	1622661304	32.92365	-117.44557
1622662226	2021	06	02	19	30	26	32.93426	-117.46450	  -1.3	282.64	6.34	3.69	8.55	7.73	15.80	83.10	NaN	NaN	12.95	29.93	29.93	1013.57	-8.09	292.22	16.60	0.0106	NaN	NaN	NaN	640.00	0.0000	0.5354	0.00	0.00	0.00	2.04	10	1622661904	12.39	1622661371	32.93426	-117.46450	2	11	-0.24	1.23	2.9	4.1	4670	265.8	1622662226	32.92365	-117.44557
1622663150	2021	06	02	19	45	50	32.93284	-117.46898	   0.1	287.11	5.89	3.50	8.36	7.18	15.70	82.70	NaN	NaN	12.78	29.92	29.92	1013.23	1.15	289.75	16.50	0.0106	NaN	NaN	NaN	680.00	0.0000	0.5354	0.00	0.00	0.00	2.04	10	1622662826	12.38	1622662295	32.93284	-117.46898	2	10	0.54	1.28	4.7	3.9	5291	350.7	1622663150	32.91461	-117.48354
1622664132	2021	06	02	20	02	12	32.93630	-117.46883	   1.8	262.38	4.10	1.94	6.61	5.00	15.80	82.40	NaN	NaN	12.82	29.93	29.93	1013.57	-8.09	290.61	16.50	0.0106	NaN	NaN	NaN	680.00	0.0000	0.5354	0.00	0.00	0.00	2.04	10	1622663750	12.39	1622663218	32.93630	-117.46883	2	9	0.02	1.28	4.3	4.3	4853	82.9	1622664132	32.95535	-115.91421
1622665175	2021	06	02	20	19	35	32.93333	-117.46486	   1.6	283.62	7.10	4.28	9.33	8.65	15.80	82.40	NaN	NaN	12.82	29.92	29.92	1013.23	1.15	302.07	16.50	0.0106	NaN	NaN	NaN	710.00	0.0000	0.5354	0.00	0.00	0.00	2.04	10	1622664673	12.36	1622664200	32.93333	-117.46486	2	9	-0.09	1.25	4.1	5.1	4861	280.2	1622665175	32.94489	-117.48354
1622666157	2021	06	02	20	35	57	32.93380	-117.46961	   1.9	293.29	7.06	3.69	10.30	8.60	15.80	82.30	NaN	NaN	12.80	29.92	29.92	1013.23	1.15	301.84	16.40	0.0106	NaN	NaN	NaN	720.00	0.0000	0.5354	0.00	0.00	0.00	2.04	10	1622665655	12.38	1622665243	32.93380	-117.46961	2	9	0.67	1.30	6.3	4.3	5343	7.7	1622666157	32.94489	-117.48354
1622667261	2021	06	02	20	54	21	32.93681	-117.46667	   5.0	264.53	7.08	3.50	10.11	8.63	15.70	83.10	NaN	NaN	12.85	29.92	29.92	1013.23	1.15	290.66	16.30	0.0106	NaN	NaN	NaN	750.00	0.0000	0.5354	0.00	0.00	0.00	2.04	10	1622666699	12.39	1622666225	32.93681	-117.46667	2	8	-0.57	1.32	3.7	4.7	4409	165.5	1622667261	32.91461	-117.48354
1622668313	2021	06	02	21	11	53	32.93233	-117.46727	  -1.9	283.60	8.59	5.64	11.86	10.48	15.70	83.20	NaN	NaN	12.87	29.91	29.91	1012.90	10.40	302.35	16.30	0.0110	NaN	NaN	NaN	790.00	0.0000	0.5354	0.00	0.00	0.00	2.04	10	1622667680	12.39	1622667329	32.93233	-117.46727	2	9	0.53	1.22	5.8	5.8	4847	311.7	1622668313	32.91461	-117.48354
1622669228	2021	06	02	21	27	08	32.93432	-117.46971	  -1.5	294.85	6.98	3.50	10.11	8.51	15.70	81.90	NaN	NaN	12.63	29.90	29.90	1012.56	19.64	310.84	16.20	0.0110	NaN	NaN	NaN	820.00	0.0000	0.5354	0.00	0.00	0.00	2.04	10	1622668784	12.39	1622668373	32.93432	-117.46971	2	9	0.61	1.24	6.7	5.5	5261	9.2	1622669228	32.95394	-117.44557
1622670146	2021	06	02	21	42	26	32.93675	-117.46663	 -18.5	269.51	6.98	2.92	10.11	8.51	15.70	83.10	NaN	NaN	12.85	29.90	29.90	1012.56	19.64	313.58	16.40	0.0110	NaN	NaN	NaN	850.00	0.0000	0.5354	0.00	0.00	0.00	2.04	10	1622669828	12.39	1622669295	32.93675	-117.46663	2	8	-0.60	1.28	5.8	6.0	4386	159.0	1622670146	32.95394	-117.44557
1622671073	2021	06	02	21	57	53	32.93252	-117.46572	  -3.3	299.47	7.97	4.86	11.28	9.72	15.60	82.30	NaN	NaN	12.61	29.90	29.90	1012.56	19.64	298.75	16.20	0.0110	NaN	NaN	NaN	850.00	0.0000	0.5354	0.00	0.00	0.00	2.04	10	1622670750	12.40	1622670219	32.93252	-117.46572	2	8	0.01	1.31	5.0	8.2	4823	293.2	1622671073	32.92365	-117.44557
1622671996	2021	06	02	22	13	16	32.93276	-117.46880	  -5.6	314.12	7.39	4.47	10.11	9.01	15.60	81.90	NaN	NaN	12.53	29.90	29.90	1012.56	19.64	297.84	16.10	0.0110	NaN	NaN	NaN	850.00	0.0000	0.5354	0.00	0.00	0.00	2.04	10	1622671674	12.39	1622671143	32.93276	-117.46880	2	9	0.45	1.17	5.7	5.0	5055	325.8	1622671996	32.95159	-117.73263
1622672919	2021	06	02	22	28	39	32.93531	-117.46963	  -5.6	298.70	5.68	2.72	9.72	6.92	15.60	82.40	NaN	NaN	12.63	29.89	29.89	1012.22	28.90	310.44	16.10	0.0110	NaN	NaN	NaN	880.00	0.0000	0.5354	0.00	0.00	0.00	2.04	10	1622672598	12.41	1622672068	32.93531	-117.46963	2	12	0.55	1.27	7.1	4.7	5199	30.7	1622672919	32.91461	-117.48354
1622675193	2021	06	02	23	06	33	32.93221	-117.46657	   1.3	282.85	7.06	3.69	10.11	8.60	15.50	82.70	NaN	NaN	12.58	29.89	29.89	1012.22	28.90	298.11	15.90	0.0118	NaN	NaN	NaN	940.00	0.0000	0.5354	0.00	0.00	0.00	2.04	10	1622674444	12.38	1622674082	32.93221	-117.46657	2	11	0.45	1.30	4.7	5.6	4747	307.5	1622675193	32.91461	-117.48354
1622676222	2021	06	02	23	23	42	32.93296	-117.46894	   0.1	274.80	5.52	1.94	8.75	6.73	15.60	82.90	NaN	NaN	12.72	29.89	29.89	1012.22	28.90	311.58	16.00	0.0118	NaN	NaN	NaN	970.00	0.0000	0.5354	0.00	0.00	0.00	2.04	10	1622675538	12.39	1622675247	32.93296	-117.46894	2	10	0.56	1.21	4.8	5.0	5059	329.9	1622676222	32.91461	-117.48354
1622677143	2021	06	02	23	39	03	32.93502	-117.46974	   0.9	285.28	6.12	1.56	9.53	7.47	15.60	82.80	NaN	NaN	12.70	29.89	29.89	1012.22	28.90	311.35	16.00	0.0118	NaN	NaN	NaN	990.00	0.0000	0.5354	0.00	0.00	0.00	2.04	10	1622676702	12.40	1622676291	32.93502	-117.46974	2	12	0.44	1.29	4.7	4.8	5324	8.3	1622677143	32.95394	-117.44557
1622678067	2021	06	02	23	54	27	32.93663	-117.46598	   2.9	249.60	4.47	1.94	7.19	5.45	15.60	83.00	NaN	NaN	12.74	29.89	29.89	1012.22	28.90	311.80	16.00	0.0122	NaN	NaN	NaN	1010.00	0.0000	0.5354	0.00	0.00	0.00	2.04	10	1622677746	12.40	1622677212	32.93663	-117.46598	2	11	-0.30	1.32	4.9	5.9	4444	187.8	1622678067	32.91461	-117.48354
1622679056	2021	06	03	00	10	56	32.93245	-117.46561	   3.1	272.88	5.19	2.33	7.78	6.33	15.60	83.40	NaN	NaN	12.81	29.88	29.88	1011.88	38.15	324.18	15.90	0.0122	NaN	NaN	NaN	1030.00	0.0000	0.5354	0.00	0.00	0.00	2.04	10	1622678667	12.38	1622678136	32.93245	-117.46561	2	11	0.20	1.32	5.1	5.0	4766	307.0	1622679056	32.91461	-117.48354
1622680163	2021	06	03	00	29	23	32.93233	-117.46803	   3.0	276.74	6.12	3.89	9.72	7.47	15.50	83.00	NaN	NaN	12.64	29.88	29.88	1011.88	38.15	310.26	15.80	0.0122	NaN	NaN	NaN	1040.00	0.0000	0.5354	0.00	0.00	0.00	2.04	10	1622679591	12.40	1622679121	32.93233	-117.46803	2	11	0.50	1.22	5.3	4.6	4839	327.4	1622680163	32.92365	-117.44557
1622682294	2021	06	03	01	04	54	32.93628	-117.46878	   0.5	231.52	3.69	0.97	7.00	4.50	15.40	82.70	NaN	NaN	12.49	29.88	29.88	1011.88	38.15	296.58	15.60	0.0122	NaN	NaN	NaN	1080.00	0.0000	0.5354	0.00	0.00	0.00	2.04	10	1622681680	12.40	1622681380	32.93628	-117.46878	2	11	0.17	1.22	4.2	4.8	4875	70.4	1622682294	32.95394	-117.44557
1622683234	2021	06	03	01	20	34	32.93348	-117.46447	   2.2	236.25	5.89	2.92	8.94	7.18	15.30	83.60	NaN	NaN	12.55	29.88	29.88	1011.88	38.15	285.58	15.50	0.0126	NaN	NaN	NaN	1110.00	0.0000	0.5354	0.00	0.00	0.00	2.04	10	1622682835	12.40	1622682362	32.93348	-117.46447	2	11	0.37	1.24	4.3	5.3	4832	290.2	1622683234	32.91461	-117.48354
1622684270	2021	06	03	01	37	50	32.93208	-117.46663	   3.7	246.97	3.95	1.36	7.97	4.81	15.10	83.10	NaN	NaN	12.27	29.88	29.88	1011.88	38.15	258.44	15.30	0.0126	NaN	NaN	NaN	1120.00	0.0000	0.5354	0.00	0.00	0.00	2.04	10	1622683817	12.41	1622683286	32.93208	-117.46663	2	12	0.48	1.24	5.5	5.1	4917	320.9	1622684270	32.91461	-117.48354
1622686581	2021	06	03	02	16	21	32.93327	-117.46926	   2.7	234.02	3.65	0.58	6.42	4.46	15.20	83.40	NaN	NaN	12.42	29.89	29.89	1012.22	28.90	260.64	15.30	0.0126	NaN	NaN	NaN	1180.00	0.0000	0.5354	0.00	0.00	0.00	2.04	10	1622685787	12.43	1622685486	32.93327	-117.46926	2	11	0.51	1.25	4.5	4.9	5124	341.1	1622686581	32.92365	-117.44557
1622687504	2021	06	03	02	31	44	32.93457	-117.46971	  -2.1	241.66	1.79	0.19	4.08	2.18	15.10	82.80	NaN	NaN	12.21	29.89	29.89	1012.22	28.90	246.31	15.20	0.0126	NaN	NaN	NaN	1190.00	0.0000	0.5354	0.00	0.00	0.00	2.04	10	1622686942	12.41	1622686650	32.93457	-117.46971	2	10	0.45	1.21	4.4	3.9	5234	353.9	1622687504	32.95394	-117.44557
1622688434	2021	06	03	02	47	14	32.93596	-117.46898	  -1.8	246.92	3.87	0.97	7.19	4.72	15.10	82.10	NaN	NaN	12.08	29.89	29.89	1012.22	28.90	244.77	15.30	0.0126	NaN	NaN	NaN	1190.00	0.0000	0.5354	0.00	0.00	0.00	2.04	10	1622688106	12.43	1622687573	32.93596	-117.46898	2	9	0.32	1.21	4.0	5.5	5305	23.5	1622688434	32.92365	-117.44557
1622689351	2021	06	03	03	02	31	32.93577	-117.46489	  -0.2	224.12	5.03	0.19	9.72	6.14	15.10	81.50	NaN	NaN	11.97	29.89	29.89	1012.22	28.90	243.45	15.20	0.0130	NaN	NaN	NaN	1230.00	0.0000	0.5354	0.00	0.00	0.00	2.04	10	1622689028	12.43	1622688494	32.93577	-117.46489	2	7	0.05	1.23	4.2	4.8	4595	236.8	1622689351	32.90625	-117.42586
1622690270	2021	06	03	03	17	50	32.93203	-117.46657	   5.6	192.93	4.69	1.56	7.97	5.71	15.20	82.10	NaN	NaN	12.18	29.90	29.90	1012.56	19.64	246.30	15.20	0.0130	NaN	NaN	NaN	1230.00	0.0000	0.5354	0.00	0.00	0.00	2.04	10	1622689949	12.43	1622689419	32.93203	-117.46657	2	7	0.41	1.23	5.0	5.1	4900	329.9	1622690270	32.95394	-117.44557
1622691258	2021	06	03	03	34	18	32.93242	-117.46816	  -4.0	239.00	2.84	0.19	6.42	3.46	15.00	82.40	NaN	NaN	12.04	29.90	29.90	1012.56	19.64	220.96	15.10	0.0130	NaN	NaN	NaN	1230.00	0.0000	0.5354	0.00	0.00	0.00	2.04	10	1622690874	12.42	1622690344	32.93242	-117.46816	2	8	0.50	1.24	5.0	4.9	5189	339.8	1622691258	32.92611	-116.96705
1622692256	2021	06	03	03	50	56	32.93351	-117.46960	  -2.2	194.20	2.82	0.39	7.39	3.44	15.00	82.50	NaN	NaN	12.06	29.90	29.90	1012.56	19.64	221.18	15.10	0.0130	NaN	NaN	NaN	1230.00	0.0000	0.5354	0.00	0.00	0.00	2.04	10	1622691799	12.42	1622691329	32.93351	-117.46960	2	8	0.25	1.18	5.3	4.4	5202	351.2	1622692256	32.92365	-117.44557
1622693167	2021	06	03	04	06	07	32.93462	-117.46981	  -4.5	268.19	1.85	0.19	5.64	2.25	15.00	81.80	NaN	NaN	11.93	29.90	29.90	1012.56	19.64	219.65	15.10	0.0130	NaN	NaN	NaN	1230.00	0.0000	0.5354	0.00	0.00	0.00	2.04	10	1622692784	12.45	1622692313	32.93462	-117.46981	2	10	0.24	1.15	4.5	3.9	5317	359.3	1622693167	32.95394	-117.44557
1622694221	2021	06	03	04	23	41	32.93556	-117.46937	  -6.0	222.10	2.80	0.19	8.94	3.41	15.10	81.20	NaN	NaN	11.91	29.91	29.91	1012.90	10.40	219.86	15.20	0.0130	NaN	NaN	NaN	1230.00	0.0000	0.5354	0.00	0.00	0.00	2.04	10	1622693768	12.46	1622693237	32.93556	-117.46937	2	10	0.35	1.19	4.2	3.9	5144	3.4	1622694221	32.95394	-117.44557
1622695131	2021	06	03	04	38	51	32.93622	-117.46846	  -5.5	234.41	1.57	0.00	4.67	1.92	15.10	81.70	NaN	NaN	12.01	29.91	29.91	1012.90	10.40	220.96	15.20	0.0130	NaN	NaN	NaN	1230.00	0.0000	0.5354	0.00	0.00	0.00	2.04	10	1622694692	12.39	1622694280	32.93622	-117.46846	2	10	0.28	1.21	3.4	4.2	5301	17.5	1622695131	32.95394	-117.44557
1622696057	2021	06	03	04	54	17	32.93632	-117.46637	  -4.1	195.25	3.01	0.19	5.64	3.67	15.10	81.60	NaN	NaN	11.99	29.91	29.91	1012.90	10.40	220.74	15.20	0.0130	NaN	NaN	NaN	1240.00	0.0000	0.5354	0.00	0.00	0.00	2.04	10	1622695735	12.44	1622695201	32.93632	-117.46637	2	9	-0.09	1.20	3.4	4.6	4462	129.7	1622696057	32.95394	-117.44557
1622697037	2021	06	03	05	10	37	32.93226	-117.46608	   1.0	210.77	3.11	0.39	6.80	3.79	15.20	81.40	NaN	NaN	12.05	29.92	29.92	1013.23	1.15	221.82	15.20	0.0130	NaN	NaN	NaN	1240.00	0.0000	0.5354	0.00	0.00	0.00	2.04	10	1622696657	12.43	1622696124	32.93226	-117.46608	2	9	0.37	1.19	4.9	5.3	4826	328.2	1622697037	32.92365	-117.44557
1622698020	2021	06	03	05	27	00	32.93230	-117.46818	  -0.2	225.82	3.36	0.19	6.42	4.10	15.10	81.80	NaN	NaN	12.03	29.91	29.91	1012.90	10.40	221.18	15.20	0.0130	NaN	NaN	NaN	1240.00	0.0000	0.5354	0.00	0.00	0.00	2.04	10	1622697580	12.45	1622697109	32.93230	-117.46818	2	10	0.26	1.17	4.2	5.5	5155	349.4	1622698020	32.92365	-117.44557
1622698954	2021	06	03	05	42	34	32.93330	-117.46943	   3.2	167.13	4.39	1.56	7.78	5.36	15.10	81.30	NaN	NaN	11.93	29.92	29.92	1013.23	1.15	208.61	15.20	0.0130	NaN	NaN	NaN	1240.00	0.0000	0.5354	0.00	0.00	0.00	2.04	10	1622698565	12.46	1622698092	32.93330	-117.46943	2	10	0.12	1.19	3.4	3.7	5124	2.0	1622698954	32.96359	-117.31185
1622699997	2021	06	03	05	59	57	32.93454	-117.46989	   3.3	123.61	3.56	1.36	6.61	4.34	15.10	81.30	NaN	NaN	11.93	29.92	29.92	1013.23	1.15	208.61	15.20	0.0130	NaN	NaN	NaN	1240.00	0.0000	0.5354	0.00	0.00	0.00	2.04	10	1622699547	12.47	1622699015	32.93454	-117.46989	2	10	0.06	1.22	4.2	3.8	5243	14.9	1622699997	32.95394	-117.44557
1622700970	2021	06	03	06	16	10	32.93594	-117.46919	   4.0	161.85	4.76	1.36	7.97	5.81	15.20	81.50	NaN	NaN	12.07	29.91	29.91	1012.90	10.40	233.50	15.20	0.0130	NaN	NaN	NaN	1240.00	0.0000	0.5354	0.00	0.00	0.00	2.04	10	1622700470	12.48	1622700056	32.93594	-117.46919	2	10	0.03	1.18	3.7	5.2	5334	32.0	1622700970	32.95394	-117.44557
1622701891	2021	06	03	06	31	31	32.93659	-117.46711	   4.1	194.04	4.06	1.17	7.39	4.95	15.10	82.00	NaN	NaN	12.06	29.91	29.91	1012.90	10.40	221.62	15.20	0.0130	NaN	NaN	NaN	1240.00	0.0000	0.5354	0.00	0.00	0.00	2.04	10	1622701511	12.47	1622701037	32.93659	-117.46711	2	10	-0.33	1.20	3.5	5.0	4829	87.4	1622701891	32.92365	-117.44557
1622702816	2021	06	03	06	46	56	32.93340	-117.46481	   3.9	150.99	3.77	0.78	7.19	4.60	15.10	81.60	NaN	NaN	11.99	29.91	29.91	1012.90	10.40	220.74	15.20	0.0130	NaN	NaN	NaN	1250.00	0.0000	0.5354	0.00	0.00	0.00	2.04	10	1622702492	12.47	1622701959	32.93340	-117.46481	2	10	0.17	1.25	3.7	4.4	5149	286.9	1622702816	32.95394	-117.44557
1622703737	2021	06	03	07	02	17	32.93257	-117.46857	   7.7	159.94	2.39	0.19	4.67	2.92	15.20	81.60	NaN	NaN	12.09	29.91	29.91	1012.90	10.40	233.73	15.30	0.0130	NaN	NaN	NaN	1250.00	0.0000	0.5354	0.00	0.00	0.00	2.04	10	1622703414	12.47	1622702884	32.93257	-117.46857	2	10	0.15	1.18	4.0	4.3	5333	358.1	1622703737	32.99326	-117.40758
1622704651	2021	06	03	07	17	31	32.93442	-117.46979	   3.8	128.82	3.30	0.78	5.83	4.03	15.20	81.10	NaN	NaN	11.99	29.91	29.91	1012.90	10.40	232.62	15.30	0.0130	NaN	NaN	NaN	1250.00	0.0000	0.5354	0.00	0.00	0.00	2.04	10	1622704339	12.45	1622703807	32.93442	-117.46979	2	10	0.10	1.17	3.7	3.9	5237	23.3	1622704651	32.95394	-117.44557
1622705580	2021	06	03	07	33	00	32.93610	-117.46908	   1.5	128.75	4.59	1.94	9.33	5.59	15.20	81.00	NaN	NaN	11.98	29.90	29.90	1012.56	19.64	243.86	15.30	0.0130	NaN	NaN	NaN	1260.00	0.0000	0.5354	0.00	0.00	0.00	2.04	10	1622705262	12.48	1622704728	32.93610	-117.46908	2	9	-0.20	1.21	3.5	4.7	5255	48.5	1622705580	32.95394	-117.44557
1622706503	2021	06	03	07	48	23	32.93659	-117.46644	   1.9	160.96	5.91	2.92	8.75	7.20	15.30	80.50	NaN	NaN	11.98	29.90	29.90	1012.56	19.64	255.73	15.40	0.0130	NaN	NaN	NaN	1260.00	0.0000	0.5354	0.00	0.00	0.00	2.04	10	1622706183	12.46	1622705648	32.93659	-117.46644	2	10	-0.43	1.21	4.4	7.4	4556	114.1	1622706503	32.94667	-117.19654
1622707443	2021	06	03	08	04	03	32.93293	-117.46527	   1.8	199.73	4.65	0.78	8.94	5.66	15.20	80.50	NaN	NaN	11.88	29.89	29.89	1012.22	28.90	254.22	15.30	0.0130	NaN	NaN	NaN	1260.00	0.0000	0.5354	0.00	0.00	0.00	2.04	10	1622707104	12.46	1622706571	32.93293	-117.46527	2	10	0.37	1.27	4.3	4.9	4853	292.5	1622707443	32.94489	-117.48354
1622708474	2021	06	03	08	21	14	32.93327	-117.46939	  -0.4	171.59	5.31	1.94	9.53	6.47	15.10	80.80	NaN	NaN	11.84	29.89	29.89	1012.22	28.90	241.91	15.30	0.0130	NaN	NaN	NaN	1260.00	0.0000	0.5354	0.00	0.00	0.00	2.04	10	1622708027	12.47	1622707496	32.93327	-117.46939	2	9	0.04	1.22	3.6	4.8	5339	6.2	1622708474	32.95394	-117.44557
1622709449	2021	06	03	08	37	29	32.93603	-117.46914	  -2.0	187.75	4.08	0.78	9.33	4.98	15.20	80.30	NaN	NaN	11.84	29.90	29.90	1012.56	19.64	242.31	15.20	0.0130	NaN	NaN	NaN	1260.00	0.0000	0.5354	0.00	0.00	0.00	2.04	10	1622708952	12.47	1622708539	32.93603	-117.46914	2	10	-0.36	1.21	3.4	4.0	5153	58.2	1622709449	32.95394	-117.44557
1622710375	2021	06	03	08	52	55	32.93613	-117.46546	  -1.2	179.18	6.53	2.53	9.91	7.96	15.20	81.90	NaN	NaN	12.14	29.89	29.89	1012.22	28.90	257.32	15.30	0.0130	NaN	NaN	NaN	1270.00	0.0000	0.5354	0.00	0.00	0.00	2.04	10	1622709994	12.49	1622709520	32.93613	-117.46546	2	11	-0.20	1.14	3.6	4.3	4411	158.0	1622710375	32.92365	-117.44557
1622711300	2021	06	03	09	08	20	32.93254	-117.46597	  -1.4	204.29	5.29	1.94	8.16	6.45	15.10	80.50	NaN	NaN	11.78	29.89	29.89	1012.22	28.90	241.25	15.20	0.0130	NaN	NaN	NaN	1290.00	0.0000	0.5354	0.00	0.00	0.00	2.04	10	1622710975	12.47	1622710445	32.93254	-117.46597	2	10	0.38	1.26	6.3	4.7	4946	296.5	1622711300	32.91461	-117.48354
1622712221	2021	06	03	09	23	41	32.93356	-117.46947	  -0.4	72.33	2.04	0.19	4.28	2.49	15.00	79.80	NaN	NaN	11.55	29.89	29.89	1012.22	28.90	226.75	15.10	0.0130	NaN	NaN	NaN	1290.00	0.0000	0.5354	0.00	0.00	0.00	2.04	10	1622711900	12.47	1622711370	32.93356	-117.46947	2	10	0.15	1.22	2.9	3.7	5331	3.8	1622712221	32.96299	-117.40758
1622713146	2021	06	03	09	39	06	32.93620	-117.46893	  -4.4	146.06	4.59	1.94	8.55	5.59	15.00	81.00	NaN	NaN	11.78	29.89	29.89	1012.22	28.90	229.37	15.10	0.0130	NaN	NaN	NaN	1290.00	0.0000	0.5354	0.00	0.00	0.00	2.04	10	1622712825	12.47	1622712292	32.93620	-117.46893	2	9	-0.13	1.20	2.7	4.6	5139	76.6	1622713146	32.95394	-117.44557
1622714069	2021	06	03	09	54	29	32.93562	-117.46479	   0.4	175.35	3.93	1.17	7.19	4.79	15.10	80.90	NaN	NaN	11.86	29.89	29.89	1012.22	28.90	242.13	15.20	0.0130	NaN	NaN	NaN	1290.00	0.0000	0.5354	0.00	0.00	0.00	2.04	10	1622713747	12.47	1622713214	32.93562	-117.46479	2	9	-0.10	1.17	3.1	4.1	4410	192.5	1622714069	32.91305	-117.67485
1622714998	2021	06	03	10	09	58	32.93220	-117.46637	   3.1	216.94	3.52	0.58	7.78	4.29	15.10	81.00	NaN	NaN	11.88	29.89	29.89	1012.22	28.90	242.35	15.10	0.0130	NaN	NaN	NaN	1290.00	0.0000	0.5354	0.00	0.00	0.00	2.04	10	1622714669	12.47	1622714139	32.93220	-117.46637	2	10	0.27	1.20	4.5	4.5	4731	301.1	1622714998	32.94489	-117.48354
1622715978	2021	06	03	10	26	18	32.93330	-117.46942	   4.4	177.80	3.15	0.19	6.03	3.84	15.00	80.30	NaN	NaN	11.65	29.89	29.89	1012.22	28.90	227.84	15.10	0.0130	NaN	NaN	NaN	1290.00	0.0000	0.5354	0.00	0.00	0.00	2.04	10	1622715594	12.47	1622715064	32.93330	-117.46942	2	11	0.19	1.21	3.6	4.2	5012	349.4	1622715978	32.91461	-117.48354
1622716899	2021	06	03	10	41	39	32.93594	-117.46924	   3.8	193.13	2.51	0.19	7.19	3.06	15.00	80.50	NaN	NaN	11.69	29.89	29.89	1012.22	28.90	228.28	15.10	0.0130	NaN	NaN	NaN	1290.00	0.0000	0.5354	0.00	0.00	0.00	2.04	10	1622716519	12.50	1622716047	32.93594	-117.46924	2	10	-0.03	1.15	3.5	4.9	5208	51.2	1622716899	32.92365	-117.44557
1622718006	2021	06	03	11	00	06	32.93608	-117.46517	   3.6	228.90	4.80	1.75	7.39	5.85	15.10	81.30	NaN	NaN	11.93	29.88	29.88	1011.88	38.15	254.48	15.20	0.0130	NaN	NaN	NaN	1290.00	0.0000	0.5354	0.00	0.00	0.00	2.04	10	1622717503	12.48	1622716968	32.93608	-117.46517	2	9	-0.17	1.18	3.0	4.7	4379	189.4	1622718006	32.95394	-117.44557
1622718930	2021	06	03	11	15	30	32.93228	-117.46641	   2.7	218.59	2.26	0.19	5.44	2.75	15.10	80.30	NaN	NaN	11.75	29.89	29.89	1012.22	28.90	240.81	15.20	0.0130	NaN	NaN	NaN	1290.00	0.0000	0.5354	0.00	0.00	0.00	2.04	10	1622718424	12.47	1622718073	32.93228	-117.46641	2	8	0.29	1.22	5.6	4.5	4744	303.5	1622718930	32.95394	-117.44557
1622719853	2021	06	03	11	30	53	32.93277	-117.46878	   0.5	209.40	3.60	0.78	6.22	4.38	15.20	81.00	NaN	NaN	11.98	29.89	29.89	1012.22	28.90	255.33	15.20	0.0130	NaN	NaN	NaN	1290.00	0.0000	0.5354	0.00	0.00	0.00	2.04	10	1622719528	12.40	1622718998	32.93277	-117.46878	2	9	0.19	1.19	2.7	4.7	4884	327.6	1622719853	32.91461	-117.48354
1622720787	2021	06	03	11	46	27	32.93439	-117.46979	  -0.8	197.02	2.26	0.39	4.67	2.75	15.10	80.50	NaN	NaN	11.78	29.88	29.88	1011.88	38.15	252.72	15.20	0.0130	NaN	NaN	NaN	1290.00	0.0000	0.5354	0.00	0.00	0.00	2.04	10	1622720453	12.47	1622719923	32.93439	-117.46979	2	9	0.16	1.17	2.9	3.9	5160	357.3	1622720787	32.91461	-117.48354
1622721879	2021	06	03	12	04	39	32.93643	-117.46842	  -1.3	183.81	3.52	0.58	6.03	4.29	15.30	80.00	NaN	NaN	11.88	29.88	29.88	1011.88	38.15	277.55	15.30	0.0130	NaN	NaN	NaN	1290.00	0.0000	0.5354	0.00	0.00	0.00	2.04	10	1622721378	12.48	1622720846	32.93643	-117.46842	2	9	-0.11	1.18	2.5	4.7	4921	82.1	1622721879	32.91461	-117.48354
1622722806	2021	06	03	12	20	06	32.93364	-117.46448	  -3.0	227.58	3.62	0.97	6.80	4.41	15.30	80.50	NaN	NaN	11.98	29.87	29.87	1011.54	47.41	290.14	15.30	0.0130	NaN	NaN	NaN	1290.00	0.0000	0.5354	0.00	0.00	0.00	2.04	10	1622722301	12.49	1622721949	32.93364	-117.46448	2	8	0.09	1.16	2.3	4.0	4706	264.8	1622722806	32.95394	-117.44557
1622723733	2021	06	03	12	35	33	32.93227	-117.46696	  -0.5	239.82	2.66	0.00	4.86	3.25	15.20	79.40	NaN	NaN	11.67	29.87	29.87	1011.54	47.41	274.73	15.30	0.0130	NaN	NaN	NaN	1290.00	0.0000	0.5354	0.00	0.00	0.00	2.04	10	1622723404	12.49	1622722874	32.93227	-117.46696	2	9	0.12	1.19	2.6	4.2	4735	302.9	1622723733	32.92365	-117.44557
1622724777	2021	06	03	12	52	57	32.93270	-117.46872	   1.1	226.07	2.26	0.19	4.28	2.75	15.30	80.00	NaN	NaN	11.88	29.87	29.87	1011.54	47.41	289.02	15.30	0.0130	NaN	NaN	NaN	1290.00	0.0000	0.5354	0.00	0.00	0.00	2.04	10	1622724329	12.48	1622723799	32.93270	-117.46872	2	9	0.08	1.17	3.2	3.9	5052	320.4	1622724777	32.92365	-117.44557
1622725759	2021	06	03	13	09	19	32.93422	-117.46968	  -1.6	212.81	2.72	1.17	4.86	3.32	15.30	79.90	NaN	NaN	11.87	29.88	29.88	1011.88	38.15	277.33	15.30	0.0130	NaN	NaN	NaN	1290.00	0.0000	0.5354	0.00	0.00	0.00	2.04	10	1622725254	12.45	1622724844	32.93422	-117.46968	2	10	0.08	1.16	2.1	3.1	5140	340.2	1622725759	32.90625	-117.42586
1622726681	2021	06	03	13	24	41	32.93619	-117.46880	  -0.9	199.18	2.72	0.58	5.44	3.32	15.30	79.60	NaN	NaN	11.81	29.88	29.88	1011.88	38.15	276.66	15.40	0.0130	NaN	NaN	NaN	1290.00	0.0000	0.5354	0.00	0.00	0.00	2.04	10	1622726299	12.46	1622725828	32.93619	-117.46880	2	11	-0.03	1.13	4.1	4.4	4976	57.8	1622726681	32.95394	-117.44557
1622727604	2021	06	03	13	40	04	32.93511	-117.46454	   1.1	235.43	2.82	0.39	5.25	3.44	15.30	79.90	NaN	NaN	11.87	29.88	29.88	1011.88	38.15	277.33	15.50	0.0130	NaN	NaN	NaN	1290.00	0.0000	0.5354	0.00	0.00	0.00	2.04	10	1622727284	12.45	1622726750	32.93511	-117.46454	2	8	0.01	1.18	3.5	4.0	4553	231.9	1622727604	32.90625	-117.42586
1622728537	2021	06	03	13	55	37	32.93215	-117.46585	  -0.9	230.55	2.29	0.19	4.86	2.80	15.40	79.30	NaN	NaN	11.85	29.89	29.89	1012.22	28.90	277.48	15.50	0.0130	NaN	NaN	NaN	1290.00	0.0000	0.5354	0.00	0.00	0.00	2.04	10	1622728206	12.44	1622727675	32.93215	-117.46585	2	11	0.07	1.15	2.5	3.6	4696	305.5	1622728537	32.92365	-117.44557
1622729454	2021	06	03	14	10	54	32.93212	-117.46760	   1.2	243.49	3.40	0.97	5.44	4.15	15.50	80.30	NaN	NaN	12.14	29.89	29.89	1012.22	28.90	292.69	15.60	0.0130	NaN	NaN	NaN	1290.00	0.0000	0.5354	0.00	0.00	0.00	2.04	10	1622729130	12.47	1622728600	32.93212	-117.46760	2	10	0.18	1.14	2.3	3.8	4831	316.4	1622729454	32.94489	-117.48354
1622730385	2021	06	03	14	26	25	32.93270	-117.46870	  -0.6	251.77	3.69	1.56	6.22	4.50	15.50	79.80	NaN	NaN	12.04	29.88	29.88	1011.88	38.15	303.03	15.70	0.0130	NaN	NaN	NaN	1290.00	0.0000	0.5354	0.00	0.00	0.00	2.04	10	1622730055	12.46	1622729525	32.93270	-117.46870	2	12	0.21	1.16	2.6	3.8	4874	325.9	1622730385	32.94489	-117.48354
1622731308	2021	06	03	14	41	48	32.93346	-117.46943	   0.5	240.69	1.94	0.00	3.89	2.37	15.60	80.30	NaN	NaN	12.23	29.89	29.89	1012.22	28.90	305.67	15.70	0.0130	NaN	NaN	NaN	1290.00	0.0000	0.5354	0.00	0.00	0.00	2.04	10	1622730981	12.46	1622730450	32.93346	-117.46943	2	11	0.11	1.16	2.5	3.1	4905	330.2	1622731308	32.95394	-117.44557
1622732233	2021	06	03	14	57	13	32.93421	-117.46969	  -4.2	210.57	2.49	0.58	4.47	3.03	15.60	79.10	NaN	NaN	12.00	29.89	29.89	1012.22	28.90	302.94	15.80	0.0130	NaN	NaN	NaN	1290.00	0.0000	0.5354	0.00	0.00	0.00	2.04	10	1622731905	12.42	1622731376	32.93421	-117.46969	2	10	0.14	1.15	2.7	3.3	4946	334.5	1622732233	32.91461	-117.48354
1622733219	2021	06	03	15	13	39	32.93500	-117.46976	  -3.2	243.84	2.99	0.19	6.03	3.65	15.60	79.70	NaN	NaN	12.12	29.89	29.89	1012.22	28.90	304.31	15.90	0.0130	NaN	NaN	NaN	1290.00	0.0000	0.5354	0.00	0.00	0.00	2.04	10	1622732832	12.42	1622732301	32.93500	-117.46976	2	10	0.08	1.15	2.8	3.1	5176	343.4	1622733219	32.94489	-117.48354
1622734140	2021	06	03	15	29	00	32.93600	-117.46899	  -3.4	248.34	3.46	0.97	5.64	4.22	15.60	79.70	NaN	NaN	12.12	29.89	29.89	1012.22	28.90	304.31	16.00	0.0130	NaN	NaN	NaN	1290.00	0.0000	0.5354	0.00	0.00	0.00	2.04	10	1622733757	12.42	1622733286	32.93600	-117.46899	2	10	0.09	1.15	2.5	3.9	5312	14.0	1622734140	32.95394	-117.44557
1622735067	2021	06	03	15	44	27	32.93624	-117.46556	  -1.6	222.86	4.76	1.94	8.75	5.81	15.60	80.00	NaN	NaN	12.18	29.89	29.89	1012.22	28.90	304.99	16.00	0.0130	NaN	NaN	NaN	1290.00	0.0000	0.5354	0.00	0.00	0.00	2.04	10	1622734742	12.40	1622734209	32.93624	-117.46556	2	11	-0.02	1.17	2.4	3.8	4585	209.8	1622735067	32.90625	-117.42586
1622735992	2021	06	03	15	59	52	32.93222	-117.46584	   1.2	249.54	5.25	2.92	7.58	6.40	15.50	80.30	NaN	NaN	12.14	29.90	29.90	1012.56	19.64	281.23	15.90	0.0130	NaN	NaN	NaN	1290.00	0.0000	0.5354	0.00	0.00	0.00	2.04	10	1622735665	12.38	1622735134	32.93222	-117.46584	2	12	0.39	1.21	3.7	3.9	5031	321.8	1622735992	32.92294	-117.54126
1622736917	2021	06	03	16	15	17	32.93210	-117.46740	   2.5	240.77	5.62	1.36	8.55	6.85	15.50	81.20	NaN	NaN	12.31	29.90	29.90	1012.56	19.64	283.26	15.80	0.0130	NaN	NaN	NaN	1290.00	0.0000	0.5354	0.00	0.00	0.00	2.04	10	1622736590	12.39	1622736058	32.93210	-117.46740	2	10	0.49	1.21	5.3	3.9	5115	329.5	1622736917	32.95394	-117.44557
1622737841	2021	06	03	16	30	41	32.93226	-117.46805	   4.0	238.74	4.84	2.14	7.97	5.90	15.50	81.10	NaN	NaN	12.29	29.90	29.90	1012.56	19.64	283.03	15.80	0.0130	NaN	NaN	NaN	1290.00	0.0000	0.5354	0.00	0.00	0.00	2.04	10	1622737514	12.42	1622736983	32.93226	-117.46805	2	11	0.44	1.26	5.2	4.1	4843	337.8	1622737841	32.94489	-117.48354
1622738763	2021	06	03	16	46	03	32.93250	-117.46873	   4.7	218.53	5.66	3.30	9.14	6.90	15.50	79.90	NaN	NaN	12.06	29.91	29.91	1012.90	10.40	268.86	15.90	0.0130	NaN	NaN	NaN	1290.00	0.0000	0.5354	0.00	0.00	0.00	2.04	10	1622738440	12.40	1622737908	32.93250	-117.46873	2	11	0.54	1.25	5.2	4.1	4986	343.8	1622738763	32.92365	-117.44557
1622739690	2021	06	03	17	01	30	32.93286	-117.46898	   4.0	225.32	6.40	3.30	8.94	7.80	15.40	79.60	NaN	NaN	11.91	29.91	29.91	1012.90	10.40	255.22	15.90	0.0130	NaN	NaN	NaN	1320.00	0.0000	0.5354	0.00	0.00	0.00	2.04	10	1622739365	12.34	1622738833	32.93286	-117.46898	2	12	0.54	1.26	6.3	4.2	5084	340.3	1622739690	32.91461	-117.48354
1622740615	2021	06	03	17	16	55	32.93332	-117.46947	   0.8	221.57	6.43	3.89	8.94	7.84	15.30	79.90	NaN	NaN	11.87	29.91	29.91	1012.90	10.40	242.93	15.70	0.0130	NaN	NaN	NaN	1330.00	0.0000	0.5354	0.00	0.00	0.00	2.04	10	1622740290	12.40	1622739758	32.93332	-117.46947	2	11	0.57	1.26	6.3	4.3	NaN	344.8	1622740615	32.91461	-117.48354
1622741552	2021	06	03	17	32	32	32.93402	-117.46964	  -2.5	231.50	5.99	3.89	9.33	7.30	15.30	79.20	NaN	NaN	11.73	29.91	29.91	1012.90	10.40	241.37	15.70	0.0134	NaN	NaN	NaN	1360.00	0.0000	0.5354	0.00	0.00	0.00	2.04	10	1622741214	12.40	1622740683	32.93402	-117.46964	2	11	0.58	1.24	5.4	4.3	5188	350.2	1622741552	32.95394	-117.44557
1622742472	2021	06	03	17	47	52	32.93505	-117.46969	  -2.8	219.93	5.02	2.72	7.97	6.11	15.30	80.00	NaN	NaN	11.88	29.91	29.91	1012.90	10.40	243.15	15.90	0.0134	NaN	NaN	NaN	1360.00	0.0000	0.5354	0.00	0.00	0.00	2.04	10	1622742139	12.39	1622741607	32.93505	-117.46969	2	11	0.42	1.29	5.0	5.9	5190	0.3	1622742472	32.90625	-117.42586
1622743379	2021	06	03	18	02	59	32.93609	-117.46903	  -3.7	208.62	6.08	3.50	8.94	7.42	15.30	80.30	NaN	NaN	11.94	29.91	29.91	1012.90	10.40	243.82	16.00	0.0134	NaN	NaN	NaN	1360.00	0.0000	0.5354	0.00	0.00	0.00	2.04	10	1622743063	12.39	1622742531	32.93609	-117.46903	2	10	0.12	1.29	4.2	5.1	5325	20.0	1622743379	32.92365	-117.44557
1622744378	2021	06	03	18	19	38	32.93635	-117.46592	  -4.7	215.24	9.88	6.42	14.19	12.04	15.30	80.40	NaN	NaN	11.96	29.91	29.91	1012.90	10.40	244.04	15.90	0.0134	NaN	NaN	NaN	1380.00	0.0000	0.5354	0.00	0.00	0.00	2.04	10	1622743987	12.39	1622743453	32.93635	-117.46592	2	8	-0.30	1.22	6.1	5.7	4438	182.8	1622744378	32.95394	-117.44557
1622745351	2021	06	03	18	35	51	32.93227	-117.46632	  -0.7	234.40	9.14	5.83	13.02	11.14	15.30	78.80	NaN	NaN	11.66	29.91	29.91	1012.90	10.40	240.48	15.80	0.0134	NaN	NaN	NaN	1410.00	0.0000	0.5354	0.00	0.00	0.00	2.04	10	1622744909	12.39	1622744438	32.93227	-117.46632	2	8	0.90	1.25	7.9	5.9	5128	320.3	1622745351	32.91461	-117.48354
1622746339	2021	06	03	18	52	19	32.93340	-117.46943	  -0.5	225.60	8.67	4.86	12.05	10.57	15.50	80.30	NaN	NaN	12.14	29.92	29.92	1013.23	1.15	258.31	16.00	0.0134	NaN	NaN	NaN	1410.00	0.0000	0.5354	0.00	0.00	0.00	2.04	10	1622745894	12.40	1622745423	32.93340	-117.46943	2	9	0.58	1.29	6.9	6.8	5403	356.5	1622746339	32.91461	-117.48354
1622747260	2021	06	03	19	07	40	32.93599	-117.46929	   0.1	207.98	NaN	4.67	12.44	NaN	15.50	79.70	NaN	NaN	12.02	29.92	29.92	1013.23	1.15	256.95	16.10	0.0138	NaN	NaN	NaN	1450.00	0.0000	0.5354	0.00	0.00	0.00	2.04	10	1622746879	12.40	1622746407	32.93599	-117.46929	2	8	-0.63	1.27	5.4	8.5	5321	75.0	1622747260	32.91461	-117.48354
1622748182	2021	06	03	19	23	02	32.93456	-117.46326	   0.8	209.08	7.12	2.92	9.91	8.67	15.50	78.90	NaN	NaN	11.87	29.91	29.91	1012.90	10.40	266.61	16.30	0.0138	NaN	NaN	NaN	1480.00	0.0000	0.5354	0.00	0.00	0.00	2.04	10	1622747863	12.39	1622747328	32.93456	-117.46326	2	10	-0.66	1.23	6.5	7.8	5179	74.9	1622748182	32.92365	-117.44557
1622749107	2021	06	03	19	38	27	32.93335	-117.45679	  -0.3	205.46	7.45	4.67	11.28	9.08	15.50	77.90	NaN	NaN	11.68	29.92	29.92	1013.23	1.15	252.89	16.30	0.0138	NaN	NaN	NaN	1520.00	0.0000	0.5354	0.00	0.00	0.00	2.04	10	1622748785	12.38	1622748250	32.93335	-117.45679	2	10	-0.67	1.25	4.9	7.1	5278	77.7	1622749107	32.90625	-117.42586
1622750025	2021	06	03	19	53	45	32.93189	-117.44998	  -0.4	207.62	6.98	3.69	10.50	8.51	15.50	78.30	NaN	NaN	11.75	29.92	29.92	1013.23	1.15	253.80	16.30	0.0138	NaN	NaN	NaN	1550.00	0.0000	0.5354	0.00	0.00	0.00	2.04	10	1622749707	12.40	1622749172	32.93189	-117.44998	2	10	-0.64	1.30	6.5	7.2	5035	81.9	1622750025	32.91587	-117.29221
1622751002	2021	06	03	20	10	02	32.93049	-117.44282	   1.7	206.00	6.84	2.92	10.11	8.34	15.50	77.80	NaN	NaN	11.66	29.92	29.92	1013.23	1.15	252.67	16.40	0.0142	NaN	NaN	NaN	1590.00	0.0000	0.5354	0.00	0.00	0.00	2.04	10	1622750629	12.40	1622750094	32.93049	-117.44282	2	9	-0.59	1.26	4.6	6.1	5198	92.5	1622751002	32.91592	-118.21092
1622751933	2021	06	03	20	25	33	32.92900	-117.43540	   2.9	197.70	6.32	3.30	9.53	7.70	15.60	77.60	NaN	NaN	11.71	29.91	29.91	1012.90	10.40	276.61	16.50	0.0146	NaN	NaN	NaN	1630.00	0.0000	0.5354	0.00	0.00	0.00	2.04	10	1622751551	12.39	1622751077	32.92900	-117.43540	2	9	-0.31	1.33	4.2	7.8	5208	71.3	1622751933	32.90625	-117.42586
1622752855	2021	06	03	20	40	55	32.93001	-117.43120	   2.2	233.07	5.91	2.53	9.91	7.20	15.50	76.50	NaN	NaN	11.40	29.91	29.91	1012.90	10.40	261.19	16.40	0.0146	NaN	NaN	NaN	1630.00	0.0000	0.5354	0.00	0.00	0.00	2.04	10	1622752533	12.39	1622752000	32.93001	-117.43120	2	9	0.51	1.31	5.0	5.8	5203	2.3	1622752855	32.92365	-117.44557
1622753781	2021	06	03	20	56	21	32.93328	-117.43003	   3.2	237.19	4.88	2.14	7.78	5.95	15.70	76.30	NaN	NaN	11.56	29.91	29.91	1012.90	10.40	286.58	16.50	0.0146	NaN	NaN	NaN	1640.00	0.0000	0.5354	0.00	0.00	0.00	2.04	10	1622753456	12.38	1622752924	32.93328	-117.43003	2	9	0.37	1.31	5.5	5.4	5314	0.7	1622753781	32.95394	-117.44557
1622754773	2021	06	03	21	12	53	32.93676	-117.42904	  -0.3	234.40	5.79	2.33	9.91	7.06	15.60	75.80	NaN	NaN	11.36	29.90	29.90	1012.56	19.64	283.98	16.50	0.0146	NaN	NaN	NaN	1640.00	0.0000	0.5354	0.00	0.00	0.00	2.04	10	1622754380	12.39	1622753848	32.93676	-117.42904	2	10	0.60	1.27	4.8	6.4	4595	343.2	1622754773	32.93653	-117.42586
1622755719	2021	06	03	21	28	39	32.93921	-117.43060	  -3.7	214.51	6.75	3.50	10.11	8.22	15.60	78.50	NaN	NaN	11.89	29.90	29.90	1012.56	19.64	290.12	16.50	0.0146	NaN	NaN	NaN	1670.00	0.0000	0.5354	0.00	0.00	0.00	2.04	10	1622755304	12.38	1622754862	32.93921	-117.43060	2	8	0.12	1.26	5.1	5.7	4366	229.6	1622755719	32.90625	-117.42586
1622756655	2021	06	03	21	44	15	32.93557	-117.43257	  -6.0	208.52	8.13	4.86	11.66	9.91	15.70	77.60	NaN	NaN	11.81	29.90	29.90	1012.56	19.64	301.01	16.30	0.0146	NaN	NaN	NaN	1710.00	0.0000	0.5354	0.00	0.00	0.00	2.04	10	1622756318	12.38	1622755787	32.93557	-117.43257	2	8	0.12	1.27	4.5	5.5	4356	216.2	1622756655	32.91527	-117.38788
1622757566	2021	06	03	21	59	26	32.93087	-117.43410	  -5.3	188.45	6.78	3.50	10.50	8.27	15.50	75.80	NaN	NaN	11.26	29.89	29.89	1012.22	28.90	282.54	16.40	0.0146	NaN	NaN	NaN	1710.00	0.0000	0.5354	0.00	0.00	0.00	2.04	10	1622757243	12.39	1622756712	32.93087	-117.43410	2	9	-0.23	1.21	4.4	6.9	5141	156.6	1622757566	32.93653	-117.42586
1622758623	2021	06	03	22	17	03	32.92866	-117.43158	  -6.2	204.75	4.65	2.33	7.19	5.66	15.60	76.70	NaN	NaN	11.54	29.89	29.89	1012.22	28.90	297.49	16.40	0.0146	NaN	NaN	NaN	1710.00	0.0000	0.5354	0.00	0.00	0.00	2.04	10	1622758168	12.38	1622757636	32.92866	-117.43158	2	11	0.40	1.29	6.0	5.7	5214	356.7	1622758623	32.94556	-117.38788
1622759646	2021	06	03	22	34	06	32.93256	-117.43035	  -1.9	214.29	4.69	1.94	7.58	5.71	15.60	76.30	NaN	NaN	11.46	29.89	29.89	1012.22	28.90	296.58	16.40	0.0146	NaN	NaN	NaN	1710.00	0.0000	0.5354	0.00	0.00	0.00	2.04	10	1622759092	12.37	1622758679	32.93256	-117.43035	2	12	0.41	1.30	5.4	6.6	5137	357.8	1622759646	32.90625	-117.42586
1622760756	2021	06	03	22	52	36	32.93642	-117.42913	  -0.1	196.33	4.74	1.94	8.55	5.78	15.80	77.00	NaN	NaN	11.79	29.87	29.87	1011.54	47.41	346.96	16.50	0.0146	NaN	NaN	NaN	1720.00	0.0000	0.5354	0.00	0.00	0.00	2.04	10	1622760136	12.38	1622759722	32.93642	-117.42913	2	11	0.50	1.28	5.0	5.5	4764	351.2	1622760756	32.95394	-117.44557
1622761741	2021	06	03	23	09	01	32.93905	-117.43044	   1.8	199.17	6.18	2.92	10.11	7.54	15.60	77.20	NaN	NaN	11.64	29.87	29.87	1011.54	47.41	321.56	16.30	0.0146	NaN	NaN	NaN	1740.00	0.0000	0.5354	0.00	0.00	0.00	2.04	10	1622761178	12.37	1622760826	32.93905	-117.43044	2	11	0.40	1.25	4.8	5.2	4388	247.1	1622761741	32.92365	-117.44557
1622762783	2021	06	03	23	26	23	32.93529	-117.43258	   5.3	202.41	7.00	3.89	10.11	8.53	15.70	79.30	NaN	NaN	12.14	29.87	29.87	1011.54	47.41	339.29	16.30	0.0146	NaN	NaN	NaN	1760.00	0.0000	0.5354	0.00	0.00	0.00	2.04	10	1622762282	12.40	1622761812	32.93529	-117.43258	2	10	0.49	1.28	5.1	4.8	4394	233.7	1622762783	32.90625	-117.42586
1622763832	2021	06	03	23	43	52	32.92994	-117.43429	   1.6	195.56	6.24	1.94	9.53	7.61	15.70	77.90	NaN	NaN	11.87	29.87	29.87	1011.54	47.41	336.09	16.30	0.0150	NaN	NaN	NaN	1800.00	0.0000	0.5354	0.00	0.00	0.00	2.04	10	1622763268	12.38	1622762857	32.92994	-117.43429	2	11	-0.12	1.22	5.3	5.7	5123	92.7	1622763832	32.95394	-117.44557
1622764760	2021	06	03	23	59	20	32.92992	-117.43118	   1.3	221.90	6.01	3.11	10.69	7.32	15.70	78.00	NaN	NaN	11.89	29.87	29.87	1011.54	47.41	336.32	16.30	0.0150	NaN	NaN	NaN	1800.00	0.0000	0.5354	0.00	0.00	0.00	2.04	10	1622764313	12.36	1622763901	32.92992	-117.43118	2	11	0.60	1.28	4.2	5.1	5025	346.7	1622764760	32.94556	-117.38788
1622765688	2021	06	04	00	14	48	32.93283	-117.43024	   3.8	226.66	5.89	2.53	10.30	7.18	15.80	78.50	NaN	NaN	12.08	29.86	29.86	1011.20	56.66	361.89	16.30	0.0150	NaN	NaN	NaN	1810.00	0.0000	0.5354	0.00	0.00	0.00	2.04	10	1622765357	12.37	1622764826	32.93283	-117.43024	2	11	0.43	1.30	4.3	5.1	5187	347.1	1622765688	32.90863	-116.94766
1622766842	2021	06	04	00	34	02	32.93543	-117.42939	   2.3	219.69	5.35	1.94	10.11	6.52	15.70	78.90	NaN	NaN	12.06	29.87	29.87	1011.54	47.41	338.38	16.20	0.0150	NaN	NaN	NaN	1830.00	0.0000	0.5354	0.00	0.00	0.00	2.04	10	1622766282	12.36	1622765751	32.93543	-117.42939	2	11	0.51	1.27	4.5	6.3	5052	346.1	1622766842	32.90625	-117.42586
1622767893	2021	06	04	00	51	33	32.93863	-117.42842	   1.9	215.57	5.70	2.53	9.53	6.94	15.70	79.90	NaN	NaN	12.25	29.87	29.87	1011.54	47.41	340.67	16.10	0.0150	NaN	NaN	NaN	1880.00	0.0000	0.5354	0.00	0.00	0.00	2.04	10	1622767207	12.38	1622766916	32.93863	-117.42842	2	11	0.71	1.27	5.4	5.1	4751	311.1	1622767893	32.95394	-117.44557
1622770037	2021	06	04	01	27	17	32.93237	-117.43351	   1.6	206.93	8.50	5.05	12.64	10.36	15.70	78.80	NaN	NaN	12.04	29.88	29.88	1011.88	38.15	326.68	15.90	0.0150	NaN	NaN	NaN	1910.00	0.0000	0.5354	0.00	0.00	0.00	2.04	10	1622769418	12.38	1622769116	32.93237	-117.43351	2	12	0.42	1.20	5.1	5.8	4909	228.7	1622770037	32.91527	-117.38788
1622772144	2021	06	04	02	02	24	32.93148	-117.43057	   0.7	216.11	7.97	4.86	11.66	9.72	15.70	79.20	NaN	NaN	12.12	29.89	29.89	1012.22	28.90	316.13	15.80	0.0154	NaN	NaN	NaN	1990.00	0.0000	0.5354	0.00	0.00	0.00	2.04	10	1622771559	12.39	1622771227	32.93148	-117.43057	2	10	0.43	1.31	5.3	6.9	5245	351.7	1622772144	32.94556	-117.38788
1622773068	2021	06	04	02	17	48	32.93438	-117.42969	   0.7	198.56	7.13	4.08	11.86	8.70	15.60	79.60	NaN	NaN	12.10	29.91	29.91	1012.90	10.40	281.15	15.70	0.0154	NaN	NaN	NaN	2010.00	0.0000	0.5354	0.00	0.00	0.00	2.04	10	1622772683	12.40	1622772212	32.93438	-117.42969	2	11	0.30	1.31	5.4	7.4	5064	354.2	1622773068	32.95394	-117.44557
1622773989	2021	06	04	02	33	09	32.93718	-117.42878	   0.7	207.24	6.49	3.69	10.50	7.92	15.60	79.70	NaN	NaN	12.12	29.91	29.91	1012.90	10.40	281.38	15.70	0.0157	NaN	NaN	NaN	2030.00	0.0000	0.5354	0.00	0.00	0.00	2.04	10	1622773668	12.40	1622773136	32.93718	-117.42878	2	10	0.54	1.27	6.6	6.2	4909	341.6	1622773989	32.92365	-117.44557
1622774974	2021	06	04	02	49	34	32.93901	-117.42995	   0.0	202.52	7.93	4.08	12.64	9.67	15.70	78.70	NaN	NaN	12.02	29.92	29.92	1013.23	1.15	280.61	15.80	0.0157	NaN	NaN	NaN	2060.00	0.0000	0.5354	0.00	0.00	0.00	2.04	10	1622774592	12.40	1622774060	32.93901	-117.42995	2	9	0.69	1.22	7.6	5.3	4403	270.5	1622774974	32.95394	-117.44557
1622775973	2021	06	04	03	06	13	32.93535	-117.43257	   3.6	186.46	8.77	5.64	14.39	10.69	15.60	81.50	NaN	NaN	12.46	29.93	29.93	1013.57	-8.09	262.55	15.70	0.0161	NaN	NaN	NaN	2110.00	0.0000	0.5354	0.00	0.00	0.00	2.04	10	1622775516	12.41	1622775046	32.93535	-117.43257	2	7	0.49	1.26	7.3	5.6	4387	223.4	1622775973	32.90625	-117.42586
1622776879	2021	06	04	03	21	19	32.92889	-117.43444	  -2.2	184.40	7.60	3.89	11.66	9.27	15.60	79.20	NaN	NaN	12.02	29.94	29.94	1013.91	-17.34	245.88	15.70	0.0165	NaN	NaN	NaN	2160.00	0.0000	0.5354	0.00	0.00	0.00	2.04	10	1622776502	12.39	1622776032	32.92889	-117.43444	2	8	-0.25	1.22	7.2	6.9	5050	35.6	1622776879	32.92365	-117.44557
1622777812	2021	06	04	03	36	52	32.93006	-117.43101	  -5.0	185.87	5.91	2.53	9.14	7.20	15.70	79.30	NaN	NaN	12.14	29.94	29.94	1013.91	-17.34	259.07	15.80	0.0165	NaN	NaN	NaN	2190.00	0.0000	0.5354	0.00	0.00	0.00	2.04	10	1622777488	12.41	1622776955	32.93006	-117.43101	2	8	0.27	1.29	4.9	7.7	5208	357.7	1622777812	32.87891	-119.12939
1622778734	2021	06	04	03	52	14	32.93276	-117.43011	  -4.4	186.21	6.47	2.72	10.69	7.89	15.70	79.30	NaN	NaN	12.14	29.94	29.94	1013.91	-17.34	259.07	15.80	0.0165	NaN	NaN	NaN	2200.00	0.0000	0.5354	0.00	0.00	0.00	2.04	10	1622778411	12.41	1622777879	32.93276	-117.43011	2	9	0.21	1.27	6.2	7.4	5203	357.1	1622778734	32.95394	-117.44557
1622779776	2021	06	04	04	09	36	32.93535	-117.42949	  -5.2	182.76	6.22	2.53	10.11	7.58	15.80	80.60	NaN	NaN	12.49	29.95	29.95	1014.25	-26.57	263.58	15.80	0.0165	NaN	NaN	NaN	2200.00	0.0000	0.5354	0.00	0.00	0.00	2.04	10	1622779335	12.40	1622778802	32.93535	-117.42949	2	10	0.11	1.30	4.7	8.6	5070	358.1	1622779776	32.95394	-117.44557
1622780703	2021	06	04	04	25	03	32.93818	-117.42848	  -2.2	197.58	7.97	4.08	11.08	9.72	15.80	79.30	NaN	NaN	12.24	29.96	29.96	1014.59	-35.81	249.14	15.80	0.0165	NaN	NaN	NaN	2250.00	0.0000	0.5354	0.00	0.00	0.00	2.04	10	1622780259	12.42	1622779846	32.93818	-117.42848	2	11	0.57	1.26	7.3	6.7	4926	325.6	1622780703	32.90625	-117.42586
1622781686	2021	06	04	04	41	26	32.93887	-117.43151	  -4.5	177.84	7.15	3.50	10.50	8.72	15.80	78.30	NaN	NaN	12.04	29.97	29.97	1014.93	-45.04	235.41	15.80	0.0165	NaN	NaN	NaN	2280.00	0.0000	0.5354	0.00	0.00	0.00	2.04	10	1622781302	12.41	1622780771	32.93887	-117.43151	2	10	0.55	1.34	5.4	7.0	4459	213.3	1622781686	32.94556	-117.38788
1622782630	2021	06	04	04	57	10	32.93180	-117.43385	  -3.6	171.03	6.26	2.92	9.33	7.63	15.80	79.80	NaN	NaN	12.33	29.97	29.97	1014.93	-45.04	238.85	15.90	0.0169	NaN	NaN	NaN	2300.00	0.0000	0.5354	0.00	0.00	0.00	2.04	10	1622782227	12.42	1622781757	32.93180	-117.43385	2	9	-0.06	1.27	5.6	6.8	5213	164.0	1622782630	32.92365	-117.44557
1622783534	2021	06	04	05	12	14	32.92839	-117.43162	  -1.4	197.86	4.67	2.14	7.58	5.69	15.90	79.00	NaN	NaN	12.28	29.97	29.97	1014.93	-45.04	249.98	15.90	0.0169	NaN	NaN	NaN	2340.00	0.0000	0.5354	0.00	0.00	0.00	2.04	10	1622783213	12.43	1622782681	32.92839	-117.43162	2	9	0.02	1.28	4.7	7.3	5294	7.1	1622783534	32.90625	-117.42586
1622784510	2021	06	04	05	28	30	32.93106	-117.43083	  -0.1	198.15	4.98	2.33	7.58	6.07	15.90	79.10	NaN	NaN	12.30	29.98	29.98	1015.27	-54.27	238.77	16.00	0.0173	NaN	NaN	NaN	2360.00	0.0000	0.5354	0.00	0.00	0.00	2.04	10	1622784137	12.41	1622783603	32.93106	-117.43083	2	10	0.03	1.27	4.8	7.4	5247	8.6	1622784510	32.99387	-117.31185
1622785499	2021	06	04	05	44	59	32.93377	-117.42995	   4.5	211.87	4.45	1.94	7.39	5.43	16.00	78.50	NaN	NaN	12.28	29.98	29.98	1015.27	-54.27	250.34	16.00	0.0173	NaN	NaN	NaN	2360.00	0.0000	0.5354	0.00	0.00	0.00	2.04	10	1622785059	12.42	1622784585	32.93377	-117.42995	2	10	0.11	1.27	5.6	6.3	5285	9.9	1622785499	32.95934	-118.51821
1622786550	2021	06	04	06	02	30	32.93619	-117.42912	   4.5	203.80	3.29	0.19	6.22	4.01	15.90	77.40	NaN	NaN	11.97	29.97	29.97	1014.93	-45.04	246.28	16.00	0.0173	NaN	NaN	NaN	2360.00	0.0000	0.5354	0.00	0.00	0.00	2.04	10	1622786041	12.44	1622785568	32.93619	-117.42912	2	10	0.07	1.24	4.1	8.0	5316	14.2	1622786550	32.96299	-117.40758
1622787468	2021	06	04	06	17	48	32.93863	-117.42905	   4.8	187.37	3.54	0.78	7.78	4.31	16.00	78.10	NaN	NaN	12.20	29.97	29.97	1014.93	-45.04	260.85	16.10	0.0173	NaN	NaN	NaN	2390.00	0.0000	0.5354	0.00	0.00	0.00	2.04	10	1622787024	12.43	1622786611	32.93863	-117.42905	2	10	0.36	1.22	6.3	5.9	4445	304.2	1622787468	32.91527	-117.38788
1622788447	2021	06	04	06	34	07	32.93646	-117.43231	   4.8	202.00	3.29	0.58	6.42	4.01	16.00	78.50	NaN	NaN	12.28	29.96	29.96	1014.59	-35.81	273.22	16.10	0.0173	NaN	NaN	NaN	2400.00	0.0000	0.5354	0.00	0.00	0.00	2.04	10	1622788067	12.42	1622787536	32.93646	-117.43231	2	10	-0.03	1.21	4.0	8.0	4426	199.1	1622788447	32.91527	-117.38788
1622789497	2021	06	04	06	51	37	32.92962	-117.43460	   5.6	182.11	2.37	0.19	5.83	2.89	16.00	78.20	NaN	NaN	12.22	29.96	29.96	1014.59	-35.81	272.52	16.10	0.0173	NaN	NaN	NaN	2410.00	0.0000	0.5354	0.00	0.00	0.00	2.04	10	1622788993	12.44	1622788521	32.92962	-117.43460	2	10	-0.26	1.18	4.4	5.2	5094	74.6	1622789497	32.95394	-117.44557
1622790538	2021	06	04	07	08	58	32.92954	-117.43125	   3.8	177.32	1.83	0.19	5.44	2.23	16.00	78.30	NaN	NaN	12.24	29.96	29.96	1014.59	-35.81	272.76	16.10	0.0173	NaN	NaN	NaN	2410.00	0.0000	0.5354	0.00	0.00	0.00	2.04	10	1622789978	12.44	1622789564	32.92954	-117.43125	2	11	0.04	1.19	3.9	5.7	5307	11.0	1622790538	32.92365	-117.44557
1622791518	2021	06	04	07	25	18	32.93228	-117.43045	   4.9	111.88	2.41	0.39	6.03	2.94	16.10	78.30	NaN	NaN	12.34	29.95	29.95	1014.25	-26.57	297.16	16.20	0.0173	NaN	NaN	NaN	2410.00	0.0000	0.5354	0.00	0.00	0.00	2.04	10	1622791020	12.43	1622790607	32.93228	-117.43045	2	9	0.11	1.19	4.6	6.3	5258	14.8	1622791518	32.90625	-117.42586
1622792442	2021	06	04	07	40	42	32.93501	-117.42959	   3.7	140.06	1.81	0.19	4.28	2.20	16.20	78.10	NaN	NaN	12.39	29.95	29.95	1014.25	-26.57	309.64	16.20	0.0173	NaN	NaN	NaN	2410.00	0.0000	0.5354	0.00	0.00	0.00	2.04	10	1622792063	12.45	1622791589	32.93501	-117.42959	2	9	0.17	1.17	3.8	5.1	5243	15.8	1622792442	32.96359	-117.31185
1622793485	2021	06	04	07	58	05	32.93767	-117.42863	   1.2	146.46	2.37	0.39	5.25	2.89	16.30	78.80	NaN	NaN	12.63	29.95	29.95	1014.25	-26.57	324.26	16.30	0.0173	NaN	NaN	NaN	2410.00	0.0000	0.5354	0.00	0.00	0.00	2.04	10	1622793045	12.40	1622792511	32.93767	-117.42863	2	10	0.16	1.19	3.3	5.6	4807	339.6	1622793485	32.95394	-117.44557
1622794407	2021	06	04	08	13	27	32.93905	-117.43149	   1.2	144.01	3.03	0.19	5.44	3.70	16.30	78.50	NaN	NaN	12.57	29.94	29.94	1013.91	-17.34	334.99	16.30	0.0173	NaN	NaN	NaN	2410.00	0.0000	0.5354	0.00	0.00	0.00	2.04	10	1622793967	12.42	1622793555	32.93905	-117.43149	2	9	0.08	1.20	3.9	5.1	4423	196.8	1622794407	32.95394	-117.44557
1622795578	2021	06	04	08	32	58	32.93324	-117.43341	  -2.7	123.04	2.39	0.19	5.83	2.92	16.30	78.20	NaN	NaN	12.51	29.95	29.95	1014.25	-26.57	322.84	16.30	0.0173	NaN	NaN	NaN	2410.00	0.0000	0.5354	0.00	0.00	0.00	2.04	10	1622795011	12.41	1622794481	32.93324	-117.43341	2	10	0.02	1.23	3.3	5.2	4495	193.2	1622795578	32.96299	-117.40758
1622796560	2021	06	04	08	49	20	32.92829	-117.43174	  -1.1	88.25	2.76	0.19	6.22	3.37	16.30	77.90	NaN	NaN	12.45	29.94	29.94	1013.91	-17.34	333.57	16.30	0.0173	NaN	NaN	NaN	2410.00	0.0000	0.5354	0.00	0.00	0.00	2.04	10	1622795937	12.39	1622795647	32.92829	-117.43174	2	11	0.02	1.19	4.0	5.5	5171	13.9	1622796560	32.96299	-117.40758
1622797481	2021	06	04	09	04	41	32.93120	-117.43068	  -4.4	95.25	3.27	0.39	8.16	3.98	16.30	78.00	NaN	NaN	12.47	29.93	29.93	1013.57	-8.09	345.25	16.40	0.0173	NaN	NaN	NaN	2410.00	0.0000	0.5354	0.00	0.00	0.00	2.04	10	1622797103	12.40	1622796629	32.93120	-117.43068	2	10	0.04	1.16	2.8	5.8	5155	13.7	1622797481	32.95394	-117.44557
1622798401	2021	06	04	09	20	01	32.93420	-117.42974	  -1.9	66.02	3.97	0.19	8.55	4.83	16.30	77.60	NaN	NaN	12.39	29.93	29.93	1013.57	-8.09	344.30	16.40	0.0173	NaN	NaN	NaN	2420.00	0.0000	0.5354	0.00	0.00	0.00	2.04	10	1622798085	12.41	1622797550	32.93420	-117.42974	2	10	-0.08	1.18	3.1	4.8	5252	15.9	1622798401	32.90625	-117.42586
1622799390	2021	06	04	09	36	30	32.93691	-117.42876	  -4.1	133.91	3.93	0.58	7.39	4.79	16.40	78.80	NaN	NaN	12.72	29.92	29.92	1013.23	1.15	371.57	16.40	0.0173	NaN	NaN	NaN	2420.00	0.0000	0.5354	0.00	0.00	0.00	2.04	10	1622799007	12.41	1622798471	32.93691	-117.42876	2	9	-0.03	1.18	3.8	4.8	4878	7.5	1622799390	32.94415	-117.57920
1622800371	2021	06	04	09	52	51	32.93896	-117.42982	   0.3	186.35	2.57	0.19	5.64	3.13	16.30	78.00	NaN	NaN	12.47	29.92	29.92	1013.23	1.15	356.70	16.40	0.0173	NaN	NaN	NaN	2420.00	0.0000	0.5354	0.00	0.00	0.00	2.04	10	1622799928	12.40	1622799454	32.93896	-117.42982	2	9	-0.00	1.19	3.2	4.5	4492	266.3	1622800371	32.91461	-117.48354
1622801302	2021	06	04	10	08	22	32.93650	-117.43231	   1.7	144.41	4.51	0.78	8.36	5.50	16.30	77.60	NaN	NaN	12.39	29.91	29.91	1012.90	10.40	367.21	16.40	0.0173	NaN	NaN	NaN	2420.00	0.0000	0.5354	0.00	0.00	0.00	2.04	10	1622800910	12.40	1622800440	32.93650	-117.43231	2	10	0.11	1.17	3.4	4.3	4403	198.8	1622801302	32.94556	-117.38788
1622802223	2021	06	04	10	23	43	32.93163	-117.43385	   1.9	134.85	2.45	0.19	5.83	2.99	16.30	77.70	NaN	NaN	12.41	29.91	29.91	1012.90	10.40	367.44	16.30	0.0173	NaN	NaN	NaN	2420.00	0.0000	0.5354	0.00	0.00	0.00	2.04	10	1622801896	12.40	1622801366	32.93163	-117.43385	2	11	0.06	1.17	3.5	4.2	5073	178.5	1622802223	32.91527	-117.38788
1622803147	2021	06	04	10	39	07	32.92833	-117.43233	   0.9	97.28	1.30	0.19	3.50	1.59	16.30	78.20	NaN	NaN	12.51	29.91	29.91	1012.90	10.40	368.63	16.30	0.0173	NaN	NaN	NaN	2420.00	0.0000	0.5354	0.00	0.00	0.00	2.04	10	1622802822	12.40	1622802292	32.92833	-117.43233	2	10	0.04	1.17	2.7	4.6	5201	17.8	1622803147	32.90625	-117.42586
1622804245	2021	06	04	10	57	25	32.93087	-117.43089	   2.9	53.20	1.89	0.19	5.64	2.30	16.20	77.90	NaN	NaN	12.36	29.91	29.91	1012.90	10.40	354.97	16.20	0.0173	NaN	NaN	NaN	2420.00	0.0000	0.5354	0.00	0.00	0.00	2.04	10	1622803748	12.40	1622803215	32.93087	-117.43089	2	9	0.11	1.17	3.2	5.0	5235	9.4	1622804245	32.95394	-117.44557
1622805291	2021	06	04	11	14	51	32.93437	-117.42977	   1.1	349.10	1.34	0.19	4.08	1.64	16.20	78.30	NaN	NaN	12.43	29.91	29.91	1012.90	10.40	355.91	16.20	0.0173	NaN	NaN	NaN	2420.00	0.0000	0.5354	0.00	0.00	0.00	2.04	10	1622804671	12.40	1622804317	32.93437	-117.42977	2	8	0.10	1.14	2.4	4.7	5210	5.9	1622805291	32.90625	-117.42586
1622806217	2021	06	04	11	30	17	32.93755	-117.42876	  -1.4	18.00	2.80	0.19	7.19	3.41	16.20	78.50	NaN	NaN	12.47	29.91	29.91	1012.90	10.40	356.38	16.20	0.0173	NaN	NaN	NaN	2420.00	0.0000	0.5354	0.00	0.00	0.00	2.04	10	1622805773	12.41	1622805361	32.93755	-117.42876	2	9	0.08	1.14	3.2	4.6	4581	331.9	1622806217	32.91527	-117.38788
1622807202	2021	06	04	11	46	42	32.93899	-117.43019	   1.3	278.92	1.24	0.19	3.30	1.52	16.10	79.10	NaN	NaN	12.49	29.90	29.90	1012.56	19.64	356.29	16.00	0.0173	NaN	NaN	NaN	2420.00	0.0000	0.5354	0.00	0.00	0.00	2.04	10	1622806817	12.39	1622806285	32.93899	-117.43019	2	8	-0.03	1.16	3.8	4.3	4466	256.3	1622807202	32.96299	-117.40758
1622808130	2021	06	04	12	02	10	32.93658	-117.43221	  -4.1	224.87	3.29	1.17	6.22	4.01	16.10	79.40	NaN	NaN	12.55	29.91	29.91	1012.90	10.40	345.53	16.00	0.0173	NaN	NaN	NaN	2420.00	0.0000	0.5354	0.00	0.00	0.00	2.04	10	1622807741	12.40	1622807270	32.93658	-117.43221	2	9	-0.01	1.15	2.7	3.9	4452	209.3	1622808130	32.91527	-117.38788
1622809054	2021	06	04	12	17	34	32.93263	-117.43346	  -4.2	240.43	3.56	1.17	5.44	4.34	16.00	80.10	NaN	NaN	12.59	29.91	29.91	1012.90	10.40	334.19	15.90	0.0173	NaN	NaN	NaN	2420.00	0.0000	0.5354	0.00	0.00	0.00	2.04	10	1622808728	12.40	1622808196	32.93263	-117.43346	2	9	-0.01	1.14	3.1	4.9	4395	214.2	1622809054	32.90625	-117.42586
1622810099	2021	06	04	12	34	59	32.92883	-117.43423	  -1.7	246.70	1.98	0.19	4.28	2.42	16.00	80.60	NaN	NaN	12.68	29.91	29.91	1012.90	10.40	335.36	15.80	0.0173	NaN	NaN	NaN	2420.00	0.0000	0.5354	0.00	0.00	0.00	2.04	10	1622809653	12.43	1622809122	32.92883	-117.43423	2	9	0.05	1.13	2.9	4.1	4942	54.9	1622810099	32.90625	-117.42586
1622811024	2021	06	04	12	50	24	32.92890	-117.43143	  -0.5	251.69	4.18	2.14	6.22	5.10	15.90	80.70	NaN	NaN	12.60	29.91	29.91	1012.90	10.40	322.60	15.80	0.0173	NaN	NaN	NaN	2420.00	0.0000	0.5354	0.00	0.00	0.00	2.04	10	1622810578	12.41	1622810166	32.92890	-117.43143	2	9	0.01	1.17	2.7	3.8	4421	234.4	1622811024	32.91527	-117.38788
1622812131	2021	06	04	13	08	51	32.92571	-117.43363	  -3.6	273.20	3.99	1.36	6.42	4.86	15.90	82.00	NaN	NaN	12.85	29.91	29.91	1012.90	10.40	325.61	15.80	0.0173	NaN	NaN	NaN	2420.00	0.0000	0.5354	0.00	0.00	0.00	2.04	10	1622811622	12.40	1622811092	32.92571	-117.43363	2	10	0.01	1.14	3.5	4.2	5062	331.0	1622812131	32.96299	-117.40758
1622813106	2021	06	04	13	25	06	32.92639	-117.43215	  -2.6	261.48	4.28	1.94	6.42	5.21	15.90	81.00	NaN	NaN	12.66	29.92	29.92	1013.23	1.15	311.84	16.00	0.0173	NaN	NaN	NaN	2420.00	0.0000	0.5354	0.00	0.00	0.00	2.04	10	1622812548	12.42	1622812197	32.92639	-117.43215	2	10	0.27	1.16	2.5	4.1	4877	342.9	1622813106	32.90625	-117.42586
1622814041	2021	06	04	13	40	41	32.92841	-117.43148	  -2.5	271.45	3.85	1.17	6.42	4.69	15.90	81.20	NaN	NaN	12.70	29.93	29.93	1013.57	-8.09	300.85	16.00	0.0173	NaN	NaN	NaN	2420.00	0.0000	0.5354	0.00	0.00	0.00	2.04	10	1622813653	12.42	1622813182	32.92841	-117.43148	2	10	0.16	1.16	2.7	4.5	4928	339.7	1622814041	32.91587	-117.29221
1622815021	2021	06	04	13	57	01	32.92994	-117.43106	  -2.5	276.47	4.45	1.56	7.58	5.43	15.90	80.90	NaN	NaN	12.64	29.93	29.93	1013.57	-8.09	300.16	16.00	0.0173	NaN	NaN	NaN	2420.00	0.0000	0.5354	0.00	0.00	0.00	2.04	10	1622814638	12.42	1622814107	32.92994	-117.43106	2	12	0.27	1.16	2.9	4.4	5036	341.4	1622815021	32.94556	-117.38788
1622815949	2021	06	04	14	12	29	32.93142	-117.43047	  -1.6	270.44	4.12	1.75	6.80	5.02	15.90	80.90	NaN	NaN	12.64	29.93	29.93	1013.57	-8.09	300.16	16.10	0.0173	NaN	NaN	NaN	2420.00	0.0000	0.5354	0.00	0.00	0.00	2.04	10	1622815563	12.41	1622815093	32.93142	-117.43047	2	11	0.30	1.16	3.3	3.6	4959	338.6	1622815949	32.92365	-117.44557
1622816934	2021	06	04	14	28	54	32.93265	-117.43010	  -2.0	263.93	3.77	0.78	6.03	4.60	15.90	81.10	NaN	NaN	12.68	29.93	29.93	1013.57	-8.09	300.62	16.10	0.0173	NaN	NaN	NaN	2420.00	0.0000	0.5354	0.00	0.00	0.00	2.04	10	1622816549	12.39	1622816018	32.93265	-117.43010	2	11	0.23	1.18	2.5	4.1	4988	334.0	1622816934	32.90625	-117.42586
1622817863	2021	06	04	14	44	23	32.93391	-117.42969	  -1.3	238.00	2.55	0.39	5.05	3.10	15.90	80.50	NaN	NaN	12.56	29.94	29.94	1013.91	-17.34	287.78	16.10	0.0173	NaN	NaN	NaN	2420.00	0.0000	0.5354	0.00	0.00	0.00	2.04	10	1622817474	12.38	1622817003	32.93391	-117.42969	2	10	0.14	1.16	2.6	3.4	5095	339.3	1622817863	32.95394	-117.44557
1622818787	2021	06	04	14	59	47	32.93506	-117.42939	  -3.3	283.78	2.29	0.19	5.64	2.80	15.90	80.80	NaN	NaN	12.62	29.94	29.94	1013.91	-17.34	288.47	16.10	0.0173	NaN	NaN	NaN	2420.00	0.0000	0.5354	0.00	0.00	0.00	2.04	10	1622818460	12.38	1622817929	32.93506	-117.42939	2	10	0.09	1.16	2.3	3.8	5078	333.3	1622818787	32.92365	-117.44557
1622819713	2021	06	04	15	15	13	32.93614	-117.42900	  -5.2	327.21	1.92	0.19	4.47	2.35	15.90	80.80	NaN	NaN	12.62	29.94	29.94	1013.91	-17.34	288.47	16.20	0.0173	NaN	NaN	NaN	2420.00	0.0000	0.5354	0.00	0.00	0.00	2.04	10	1622819386	12.37	1622818855	32.93614	-117.42900	2	10	0.09	1.15	2.7	3.4	5196	335.2	1622819713	32.95394	-117.44557
1622820695	2021	06	04	15	31	35	32.93690	-117.42874	  -3.8	228.60	3.01	0.97	5.64	3.67	16.00	79.90	NaN	NaN	12.55	29.95	29.95	1014.25	-26.57	287.92	16.30	0.0173	NaN	NaN	NaN	2420.00	0.0000	0.5354	0.00	0.00	0.00	2.04	10	1622820312	12.36	1622819780	32.93690	-117.42874	2	10	0.11	1.15	2.2	3.4	5165	322.8	1622820695	32.95458	-117.34988
1622821623	2021	06	04	15	47	03	32.93760	-117.42858	  -0.3	188.25	2.99	0.19	7.00	3.65	16.00	80.40	NaN	NaN	12.64	29.96	29.96	1014.59	-35.81	277.64	16.30	0.0173	NaN	NaN	NaN	2420.00	0.0000	0.5354	0.00	0.00	0.00	2.04	10	1622821236	12.34	1622820766	32.93760	-117.42858	2	12	0.06	1.13	2.5	4.6	4766	343.7	1622821623	32.92658	-116.77563
1622822550	2021	06	04	16	02	30	32.93873	-117.42857	   2.0	180.10	2.22	0.00	4.08	2.70	16.00	79.50	NaN	NaN	12.47	29.96	29.96	1014.59	-35.81	275.55	16.40	0.0173	NaN	NaN	NaN	2420.00	0.0000	0.5354	0.00	0.00	0.00	2.04	10	1622822222	12.36	1622821691	32.93873	-117.42857	2	12	0.10	1.16	2.4	3.5	4633	310.2	1622822550	32.96299	-117.40758
1622823476	2021	06	04	16	17	56	32.93892	-117.42977	   3.9	229.09	3.73	1.56	6.42	4.55	16.10	79.20	NaN	NaN	12.51	29.96	29.96	1014.59	-35.81	287.82	16.50	0.0173	NaN	NaN	NaN	2420.00	0.0000	0.5354	0.00	0.00	0.00	2.04	10	1622823147	12.35	1622822617	32.93892	-117.42977	2	10	0.10	1.15	2.9	3.5	4869	304.6	1622823476	32.91527	-117.38788
1622824401	2021	06	04	16	33	21	32.93906	-117.43073	   5.4	200.73	3.52	1.36	6.22	4.29	16.20	79.40	NaN	NaN	12.65	29.97	29.97	1014.93	-45.04	289.82	16.50	0.0173	NaN	NaN	NaN	2420.00	0.0000	0.5354	0.00	0.00	0.00	2.04	10	1622824074	12.35	1622823543	32.93906	-117.43073	2	11	0.09	1.16	2.3	3.5	4394	285.7	1622824401	32.90625	-117.42586
1622825386	2021	06	04	16	49	46	32.93750	-117.43167	   4.7	205.08	4.70	1.75	7.97	5.74	16.20	79.80	NaN	NaN	12.72	29.97	29.97	1014.93	-45.04	290.77	16.60	0.0173	NaN	NaN	NaN	2420.00	0.0000	0.5354	0.00	0.00	0.00	2.04	10	1622824999	12.35	1622824469	32.93750	-117.43167	2	11	0.08	1.18	1.8	3.8	4438	240.7	1622825386	32.90625	-117.42586
1622826313	2021	06	04	17	05	13	32.93396	-117.43286	   2.1	199.52	5.89	3.30	8.55	7.18	16.30	78.70	NaN	NaN	12.61	29.97	29.97	1014.93	-45.04	301.14	16.70	0.0173	NaN	NaN	NaN	2420.00	0.0000	0.5354	0.00	0.00	0.00	2.04	10	1622825925	12.35	1622825455	32.93396	-117.43286	2	12	0.23	1.18	2.1	4.3	4398	241.8	1622826313	32.90625	-117.42586
1622827299	2021	06	04	17	21	39	32.93076	-117.43411	   1.3	227.04	6.92	4.08	9.91	8.44	16.30	80.00	NaN	NaN	12.86	29.97	29.97	1014.93	-45.04	304.22	16.70	0.0173	NaN	NaN	NaN	2420.00	0.0000	0.5354	0.00	0.00	0.00	2.04	10	1622826912	12.35	1622826381	32.93076	-117.43411	2	11	0.50	1.21	4.3	3.5	4460	308.0	1622827299	32.90625	-117.42586
1622828224	2021	06	04	17	37	04	32.92912	-117.43530	  -2.4	216.50	6.71	3.11	9.72	8.18	16.30	79.90	NaN	NaN	12.84	29.98	29.98	1015.27	-54.27	292.55	16.70	0.0173	NaN	NaN	NaN	2420.00	0.0000	0.5354	0.00	0.00	0.00	2.04	10	1622827837	12.38	1622827367	32.92912	-117.43530	2	11	0.43	1.31	5.0	5.6	5180	350.7	1622828224	32.92365	-117.44557
1622829263	2021	06	04	17	54	23	32.93020	-117.43483	  -3.4	221.79	7.46	3.50	10.50	9.10	16.30	80.30	NaN	NaN	12.92	29.99	29.99	1015.60	-63.50	282.06	16.70	0.0173	NaN	NaN	NaN	2440.00	0.0000	0.5354	0.00	0.00	0.00	2.04	10	1622828824	12.39	1622828290	32.93020	-117.43483	2	10	0.73	1.29	5.6	4.6	4902	341.6	1622829263	32.96721	-118.57628
1622830192	2021	06	04	18	09	52	32.93113	-117.43628	  -2.9	232.81	7.27	4.47	10.50	8.86	16.20	80.40	NaN	NaN	12.84	29.99	29.99	1015.60	-63.50	269.31	16.70	0.0177	NaN	NaN	NaN	2520.00	0.0000	0.5354	0.00	0.00	0.00	2.04	10	1622829748	12.42	1622829336	32.93113	-117.43628	2	8	0.65	1.24	5.3	5.1	4728	320.7	1622830192	32.91461	-117.48354
1622831118	2021	06	04	18	25	18	32.93136	-117.43815	  -4.7	209.68	5.95	3.30	9.53	7.25	16.30	80.30	NaN	NaN	12.92	29.99	29.99	1015.60	-63.50	282.06	16.70	0.0177	NaN	NaN	NaN	2540.00	0.0000	0.5354	0.00	0.00	0.00	2.04	10	1622830793	12.41	1622830262	32.93136	-117.43815	2	8	0.30	1.31	6.4	5.8	5331	11.3	1622831118	32.92365	-117.44557
1622832041	2021	06	04	18	40	41	32.93277	-117.43631	  -3.6	201.92	6.57	3.89	10.11	8.01	16.40	78.40	NaN	NaN	12.65	30.00	30.00	1015.94	-72.73	279.10	16.90	0.0177	NaN	NaN	NaN	2540.00	0.0000	0.5354	0.00	0.00	0.00	2.04	10	1622831720	12.43	1622831185	32.93277	-117.43631	2	9	0.20	1.32	4.2	6.2	5347	19.2	1622832041	32.90625	-117.42586
1622832964	2021	06	04	18	56	04	32.93411	-117.43431	  -1.9	221.56	5.58	3.30	7.78	6.80	16.20	79.90	NaN	NaN	12.74	30.00	30.00	1015.94	-72.73	256.70	16.80	0.0177	NaN	NaN	NaN	2540.00	0.0000	0.5354	0.00	0.00	0.00	2.04	10	1622832642	12.38	1622832108	32.93411	-117.43431	2	9	0.37	1.30	4.3	6.1	5190	18.6	1622832964	32.90625	-117.42586
1622833940	2021	06	04	19	12	20	32.93570	-117.43219	  -3.8	239.13	5.05	1.75	7.39	6.16	16.20	78.90	NaN	NaN	12.55	30.00	30.00	1015.94	-72.73	254.35	17.00	0.0177	NaN	NaN	NaN	2540.00	0.0000	0.5354	0.00	0.00	0.00	2.04	10	1622833565	12.40	1622833031	32.93570	-117.43219	2	8	0.27	1.33	4.1	5.9	5321	20.8	1622833940	32.95394	-117.44557
1622834860	2021	06	04	19	27	40	32.93745	-117.42985	  -2.1	248.69	5.48	2.72	8.16	6.68	16.10	78.10	NaN	NaN	12.30	29.99	29.99	1015.60	-63.50	250.94	17.00	0.0177	NaN	NaN	NaN	2550.00	0.0000	0.5354	0.00	0.00	0.00	2.04	10	1622834488	12.37	1622834013	32.93745	-117.42985	2	11	0.27	1.32	5.3	7.0	4816	13.0	1622834860	32.91527	-117.38788
1622835802	2021	06	04	19	43	22	32.93872	-117.42998	   1.5	238.74	6.32	3.50	9.33	7.70	16.10	77.80	NaN	NaN	12.24	29.99	29.99	1015.60	-63.50	250.23	17.00	0.0177	NaN	NaN	NaN	2560.00	0.0000	0.5354	0.00	0.00	0.00	2.04	10	1622835470	12.36	1622834936	32.93872	-117.42998	2	10	0.25	1.26	6.0	6.2	4416	267.9	1622835802	32.94556	-117.38788
1622836778	2021	06	04	19	59	38	32.93579	-117.43254	   2.4	237.72	5.81	3.50	8.55	7.09	16.20	77.70	NaN	NaN	12.32	29.99	29.99	1015.60	-63.50	262.95	17.00	0.0177	NaN	NaN	NaN	2570.00	0.0000	0.5354	0.00	0.00	0.00	2.04	10	1622836393	12.37	1622835862	32.93579	-117.43254	2	9	-0.25	1.28	5.1	5.4	4372	209.1	1622836778	32.94965	-117.92397
1622838858	2021	06	04	20	34	18	32.93002	-117.43117	   2.3	249.32	4.39	1.17	7.00	5.36	16.20	77.00	NaN	NaN	12.18	29.98	29.98	1015.27	-54.27	272.74	17.40	0.0177	NaN	NaN	NaN	2600.00	0.0000	0.5354	0.00	0.00	0.00	2.04	10	1622838305	12.34	1622838002	32.93002	-117.43117	2	9	0.30	1.25	5.6	5.5	5213	356.4	1622838858	32.90625	-117.42586
1622839781	2021	06	04	20	49	41	32.93237	-117.43042	   3.1	248.48	4.30	0.39	7.19	5.24	16.10	77.40	NaN	NaN	12.16	29.97	29.97	1014.93	-45.04	272.17	17.40	0.0193	NaN	NaN	NaN	2780.00	0.0000	0.5354	0.00	0.00	0.00	2.04	10	1622839459	12.33	1622838926	32.93237	-117.43042	2	8	5.86	1.48	74.9	23.4	5247	14.1	1622839781	32.95394	-117.44557
1622840763	2021	06	04	21	06	03	32.93336	-117.42917	   1.0	226.92	6.59	0.39	20.61	8.03	16.40	76.20	NaN	NaN	12.21	29.95	29.95	1014.25	-26.57	331.02	17.50	0.0209	NaN	NaN	NaN	2920.00	0.0000	0.5354	0.00	0.00	0.00	2.04	10	1622840384	12.34	1622839850	32.93336	-117.42917	2	10	-0.36	2.65	3.6	9.2	4641	298.2	1622840763	32.82825	-117.40617
1622841694	2021	06	04	21	21	34	32.87074	-117.38677	   1.1	199.43	8.07	0.78	20.02	9.84	16.80	75.70	NaN	NaN	12.50	29.94	29.94	1013.91	-17.34	392.97	17.50	0.0209	NaN	NaN	NaN	2920.00	0.0000	0.5354	0.00	0.00	0.00	2.04	10	1622841308	12.28	1622840836	32.87074	-117.38677	2	9	-0.03	5.13	3.0	7.1	4605	142.9	1622841694	32.74184	-117.32895
1622842676	2021	06	04	21	37	56	32.76200	-117.31688	 -10.5	206.01	8.05	0.97	22.36	9.81	17.00	75.20	NaN	NaN	12.59	29.94	29.94	1013.91	-17.34	417.58	17.60	0.0213	NaN	NaN	NaN	2930.00	0.0000	0.5354	0.00	0.00	0.00	2.04	10	1622842294	12.29	1622841762	32.76200	-117.31688	2	8	0.31	5.15	2.9	6.3	4586	147.6	1622842676	32.65539	-117.25188
1622843666	2021	06	04	21	54	26	32.65289	-117.24512	  -2.1	314.43	7.04	0.19	19.05	8.58	17.30	74.20	NaN	NaN	12.68	29.94	29.94	1013.91	-17.34	453.83	17.80	0.0217	NaN	NaN	NaN	2940.00	0.0000	0.5354	0.00	0.00	0.00	2.04	10	1622843219	12.28	1622842748	32.65289	-117.24512	2	9	-0.70	3.58	1.4	6.6	5051	349.5	1622843666	32.68520	-117.34726
1622844653	2021	06	04	22	10	53	32.70643	-117.23646	  -3.1	195.44	2.90	0.19	8.16	3.53	18.50	68.50	NaN	NaN	12.61	29.95	29.95	1014.25	-26.57	581.92	19.40	0.0220	NaN	NaN	NaN	2980.00	0.0079	0.5354	0.00	0.00	0.00	2.04	10	1622844205	12.25	1622843733	32.70643	-117.23646	2	10	-0.10	2.56	6.0	41.6	6100	306.1	1622844653	32.74239	-117.23347
1622845583	2021	06	04	22	26	23	32.70651	-117.23646	  -2.5	177.15	2.86	0.19	10.30	3.48	19.00	65.70	NaN	NaN	12.45	29.94	29.94	1013.91	-17.34	649.68	20.40	0.0224	NaN	NaN	NaN	3030.00	0.0000	0.5354	0.00	0.00	0.00	2.04	10	1622845190	12.21	1622844719	32.70651	-117.23646	2	11	-0.09	0.30	0.0	0.3	2957	293.9	1622845583	32.68576	-117.25188
1622846498	2021	06	04	22	41	38	32.70652	-117.23646	  -1.3	166.50	2.97	0.19	9.33	3.63	19.20	64.10	NaN	NaN	12.27	29.94	29.94	1013.91	-17.34	670.72	20.80	0.0224	NaN	NaN	NaN	3030.00	0.0000	0.5354	0.00	0.00	0.00	2.04	10	1622846176	12.18	1622845645	32.70652	-117.23646	2	11	-0.07	0.30	0.0	0.4	2929	294.0	1622846498	32.69468	-117.21394
1622847484	2021	06	04	22	58	04	32.70652	-117.23646	  -0.8	170.11	2.60	0.19	8.16	3.18	19.10	64.10	NaN	NaN	12.17	29.93	29.93	1013.57	-8.09	669.37	20.80	0.0224	NaN	NaN	NaN	3050.00	0.0000	0.5354	0.00	0.00	0.00	2.04	10	1622847102	12.16	1622846570	32.70652	-117.23646	2	10	-0.50	0.60	0.4	1.6	8998	309.2	1622847484	32.69468	-117.21394
1622848651	2021	06	04	23	17	31	32.70654	-117.23641	   0.4	94.36	1.32	0.00	99.34	1.61	21.50	58.80	NaN	NaN	13.12	29.94	29.94	1013.91	-17.34	947.37	22.40	0.0264	NaN	NaN	NaN	3310.00	0.0000	0.5354	0.00	0.00	0.00	2.04	10	1622848027	12.17	1622847557	32.70654	-117.23641	2	11	-0.54	0.73	0.7	3.6	5446	312.1	1622848651	32.69468	-117.21394
1622849757	2021	06	04	23	35	57	32.70656	-117.23636	   4.5	276.74	1.09	0.00	5.83	1.33	22.30	56.60	NaN	NaN	13.28	29.93	29.93	1013.57	-8.09	1052.82	23.30	0.0264	NaN	NaN	NaN	3320.00	0.0000	0.5354	0.00	0.00	0.00	2.04	10	1622849014	12.16	1622848724	32.70656	-117.23636	2	10	-0.26	1.76	0.0	1.9	6367	150.9	1622849757	32.69468	-117.21394
1622850688	2021	06	04	23	51	28	32.70656	-117.23635	   5.7	222.62	1.61	0.19	8.16	1.97	22.10	53.90	NaN	NaN	12.35	29.91	29.91	1012.89	10.40	1041.14	23.60	0.0264	NaN	NaN	NaN	3320.00	0.0000	0.5354	0.00	0.00	0.00	2.04	10	1622850181	12.15	1622849830	32.70656	-117.23635	2	11	-0.13	1.73	3.5	7.1	4813	7.2	1622850688	32.74239	-117.23347
1622851675	2021	06	05	00	07	55	32.73975	-117.23156	  33.4	255.20	3.03	0.19	12.05	3.70	21.10	58.20	NaN	NaN	12.59	29.91	29.91	1012.89	10.40	928.90	22.40	0.0264	NaN	NaN	NaN	3320.00	0.0000	0.5354	0.00	0.00	0.00	2.04	10	1622851288	12.16	1622850755	32.73975	-117.23156	2	11	0.07	1.26	4.6	9.7	5733	25.8	1622851675	32.83079	-116.83270
1622852786	2021	06	05	00	26	26	32.84743	-117.24518	  64.0	191.79	1.56	0.00	7.58	1.90	20.80	60.80	NaN	NaN	12.97	29.81	29.81	1009.51	103.00	1013.32	21.40	0.0272	NaN	NaN	NaN	3430.00	0.0000	0.5354	0.00	0.00	0.00	2.04	10	1622852213	12.18	1622851739	32.84743	-117.24518	2	9	-0.81	1.30	3.2	12.1	5458	347.9	1622852786	32.87712	-117.23459
1622853821	2021	06	05	00	43	41	32.87003	-117.25239	  61.5	171.23	0.82	0.00	5.05	1.00	23.10	54.30	NaN	NaN	13.39	29.75	29.75	1007.48	158.68	1351.35	23.20	0.0272	NaN	NaN	NaN	3430.00	0.0000	0.5354	0.00	0.00	0.00	2.04	10	1622853197	12.20	1622852844	32.87003	-117.25239	2	10	-0.98	-0.71	-0.8	-0.6	5447	343.5	1622853821	32.86815	-117.27261
1622854751	2021	06	05	00	59	11	32.87000	-117.25238	  61.3	170.37	0.72	0.00	2.92	0.88	24.10	50.80	NaN	NaN	13.29	29.76	29.76	1007.81	149.39	1452.67	24.40	0.0272	NaN	NaN	NaN	3430.00	0.0000	0.5354	0.00	0.00	0.00	2.04	10	1622854301	12.19	1622853891	32.87000	-117.25238	2	10	-1.00	-0.80	-1.0	-0.7	5468	343.7	1622854751	32.87712	-117.23459
1622855865	2021	06	05	01	17	45	32.86998	-117.25236	  60.5	117.96	0.68	0.00	3.50	0.83	24.40	51.60	NaN	NaN	13.81	29.76	29.76	1007.81	149.39	1493.44	24.90	0.0276	NaN	NaN	NaN	3470.00	0.0000	0.5354	0.00	0.00	0.00	2.04	10	1622855348	12.19	1622854818	32.86998	-117.25236	2	8	-1.16	0.49	10.8	3.5	6059	62.9	1622855865	32.85970	-117.21503
1622971699	2021	06	06	09	28	19	32.86991	-117.25252	  96.9	289.67	0.16	0.00	0.39	0.19	19.40	60.20	NaN	NaN	11.50	29.72	29.72	NaN	186.55	936.85	19.50	0.0280	NaN	NaN	NaN	3530.00	0.0000	0.5354	0.00	0.00	0.00	2.04	10	1622970897	12.21	1622970595	32.86991	-117.25252	2	9	0.10	0.70	0.1	0.7	4118	178.2	1622971699	32.86865	-117.17700
