%attachment_version: 2.1
%description: CalCOFI line 90 (Magnus)
%status: deployed
%platform: Wave Glider
%column_001: Epoch (unit=s)
%column_002: Year
%column_003: Month
%column_004: Day
%column_005: Hour
%column_006: Minute
%column_007: Second
%column_008: Latitude (deg N)
%column_009: Longitude (deg E)
%column_010: GPS Altitude (m)
%column_011: Vector Averaged Wind Direction (deg)
%column_012: Vector Averaged Wind Speed (Knots)
%column_013: Minimum Wind Speed over averaging period (Knots)
%column_014: Maximum Wind Speed over averaging period (Knots)
%column_015: Wind Speed at 10m (Knots)
%column_016: Air Temperature (C)
%column_017: Relative Humidity (%)
%column_018: Wind Chill (C)
%column_019: Heat Index (C)
%column_020: Dew/Frost Point (C)
%column_021: Barometric Pressure (in. Hg)
%column_022: Altimeter Setting (in. Hg)
%column_023: Sea Level Pressure (mb)
%column_024: Pressure Altitude (ft)
%column_025: Density Altitude (ft)
%column_026: WXT520 Internal Temperature (C)
%column_027: Rain Accumulation (in)
%column_028: 3hr Rain Accumulation (in)
%column_029: 6hr Rain Accumulation (in)
%column_030: 24hr Rain Accumulation (in)
%column_031: Rain Duration (s)
%column_032: Rain Intensity (in/hr)
%column_033: Rain Peak Intensity (in/hr)
%column_034: Hail Accumulation (hits/cm2)
%column_035: Hail Duration (s)
%column_036: Hail Intensity (hits/cm2/hr)
%column_037: Firmware Version
%column_038: Reporting Interval (min)
%column_039: CF2 Epoch (unit=s)
%column_040: System Voltage Measured at CF2 (V)
%column_041: GPS Epoch (unit=s)
%column_042: GPS Latitude (deg N)
%column_043: GPS Longitude (deg E)
%column_044: GPS fix quality indicator (0=invalid, 1=valid[SPS], 2=valid[DGPS])
%column_045: Number of Satellites used for GPS
%column_046: Pitch (deg)
%column_047: Roll (deg)
%column_048: Pitch Maximum (deg)
%column_049: Roll Maximum (deg)
%column_050: Compass Relative Magnitude of Horizontal Component of Magnetic Field
%column_051: Average Compass Heading (deg)
%column_052: SBD Epoch (unit=s)
%column_053: SBD Latitude (deg N)
%column_054: SBD Longitude (deg E)
1619724726	2021	04	29	19	32	06	32.87527	-117.26330	   3.4	37.45	1.50	0.19	4.67	1.82	17.20	73.10	NaN	NaN	12.35	30.11	30.11	NaN	-174.05	244.16	19.40	0.0091	NaN	NaN	NaN	630.00	0.0000	0.0906	0.00	10.00	0.00	2.04	10	1619724432	12.38	1619723912	32.87527	-117.26330	2	11	-0.20	0.94	3.7	5.7	5165	288.2	1619724726	32.86815	-117.27261
1619725671	2021	04	29	19	47	51	32.87882	-117.26668	   1.6	33.62	2.49	0.00	5.83	3.03	17.40	73.10	NaN	NaN	12.55	30.11	30.11	NaN	-174.05	269.96	19.40	0.0091	NaN	NaN	NaN	630.00	0.0000	0.0906	0.00	10.00	0.00	2.04	10	1619725312	12.38	1619724793	32.87882	-117.26668	2	11	-0.22	0.85	3.8	4.9	4423	119.2	1619725671	32.86815	-117.27261
1619726544	2021	04	29	20	02	24	32.87800	-117.26558	  -0.4	334.39	3.30	0.78	6.61	4.03	17.50	72.20	NaN	NaN	12.45	30.10	30.10	NaN	-164.85	291.96	19.40	0.0091	NaN	NaN	NaN	640.00	0.0000	0.0906	0.00	10.00	0.00	2.04	10	1619726192	12.32	1619725731	32.87800	-117.26558	2	11	-0.35	0.92	3.9	6.3	4440	267.3	1619726544	32.86815	-117.27261
1619727425	2021	04	29	20	17	05	32.87718	-117.26989	  -4.9	358.91	5.21	2.53	7.97	6.35	17.50	74.00	NaN	NaN	12.83	30.09	30.09	NaN	-155.65	307.94	19.20	0.0091	NaN	NaN	NaN	640.00	0.0000	0.0906	0.00	10.00	0.00	2.04	10	1619727130	12.29	1619726612	32.87718	-117.26989	2	10	-0.26	0.89	3.9	4.6	11716	300.0	1619727425	32.86815	-117.27261
1619728304	2021	04	29	20	31	44	32.87928	-117.27300	  -2.5	5.56	3.27	0.58	5.83	3.98	17.50	74.30	NaN	NaN	12.89	30.09	30.09	NaN	-155.65	308.70	18.90	0.0091	NaN	NaN	NaN	640.00	0.0000	0.0906	0.00	10.00	0.00	2.04	10	1619728011	12.34	1619727492	32.87928	-117.27300	2	9	0.05	0.91	4.1	4.9	4868	312.6	1619728304	32.86815	-117.27261
1619729297	2021	04	29	20	48	17	32.88161	-117.27547	  -0.2	19.27	3.48	0.39	5.83	4.24	17.70	71.10	NaN	NaN	12.41	30.09	30.09	NaN	-155.65	326.30	19.10	0.0091	NaN	NaN	NaN	640.00	0.0000	0.0906	0.00	10.00	0.00	2.04	10	1619728891	12.33	1619728372	32.88161	-117.27547	2	8	0.13	0.88	4.6	5.0	4892	316.6	1619729297	32.91587	-117.29221
1619730180	2021	04	29	21	03	00	32.88461	-117.27857	   0.4	352.13	4.57	2.14	7.39	5.57	17.70	73.70	NaN	NaN	12.96	30.09	30.09	NaN	-155.65	333.00	19.10	0.0091	NaN	NaN	NaN	650.00	0.0000	0.0906	0.00	10.00	0.00	2.04	10	1619729771	12.34	1619729372	32.88461	-117.27857	2	8	-0.23	0.93	3.4	4.7	4975	321.4	1619730180	32.87759	-117.13895
1619731074	2021	04	29	21	17	54	32.88691	-117.28104	   1.6	345.35	3.32	0.58	7.00	4.05	17.70	74.20	NaN	NaN	13.06	30.09	30.09	NaN	-155.65	334.29	19.00	0.0091	NaN	NaN	NaN	650.00	0.0000	0.0906	0.00	10.00	0.00	2.04	10	1619730771	12.35	1619730252	32.88691	-117.28104	2	9	0.15	0.94	4.7	6.4	4901	324.1	1619731074	32.86908	-117.08139
1619731953	2021	04	29	21	32	33	32.88915	-117.28333	   1.4	335.02	3.60	0.39	6.42	4.38	17.80	75.30	NaN	NaN	13.39	30.09	30.09	NaN	-155.65	350.07	19.20	0.0091	NaN	NaN	NaN	650.00	0.0000	0.0906	0.00	10.00	0.00	2.04	10	1619731651	12.34	1619731132	32.88915	-117.28333	2	8	-0.12	0.91	3.8	4.9	4907	321.9	1619731953	32.91587	-117.29221
1619733063	2021	04	29	21	51	03	32.89113	-117.28542	   1.3	322.96	5.52	0.00	8.75	6.73	18.20	72.60	NaN	NaN	13.21	30.08	30.08	NaN	-146.45	406.07	19.40	0.0091	NaN	NaN	NaN	660.00	0.0000	0.0906	0.00	10.00	0.00	2.04	10	1619732531	12.33	1619732012	32.89113	-117.28542	2	9	0.15	0.85	4.3	4.7	4915	322.2	1619733063	32.86815	-117.27261
1619733947	2021	04	29	22	05	47	32.89365	-117.28802	   1.6	317.12	4.53	2.14	7.39	5.52	18.30	73.00	NaN	NaN	13.39	30.09	30.09	NaN	-155.65	408.66	19.30	0.0091	NaN	NaN	NaN	660.00	0.0000	0.0906	0.00	10.00	0.00	2.04	10	1619733412	12.31	1619733132	32.89365	-117.28802	2	8	0.04	0.85	4.5	4.3	4975	319.1	1619733947	32.91587	-117.29221
1619734827	2021	04	29	22	20	27	32.89529	-117.28976	   2.5	334.87	6.10	3.69	8.36	7.44	18.20	75.20	NaN	NaN	13.75	30.08	30.08	NaN	-146.45	412.99	19.30	0.0091	NaN	NaN	NaN	660.00	0.0000	0.0906	0.00	10.00	0.00	2.04	10	1619734532	12.34	1619734013	32.89529	-117.28976	2	8	0.03	0.87	3.4	4.8	5029	321.6	1619734827	32.86815	-117.27261
1619735711	2021	04	29	22	35	11	32.89697	-117.29160	   2.1	338.65	3.52	0.97	6.03	4.29	18.10	75.70	NaN	NaN	13.76	30.08	30.08	NaN	-146.45	401.36	19.30	0.0091	NaN	NaN	NaN	670.00	0.0000	0.0906	0.00	10.00	0.00	2.04	10	1619735413	12.35	1619734894	32.89697	-117.29160	2	8	0.14	0.85	3.7	3.9	4967	327.1	1619735711	32.91587	-117.29221
1619736584	2021	04	29	22	49	44	32.89855	-117.29344	   4.0	352.60	5.00	2.92	7.39	6.09	18.20	76.90	NaN	NaN	14.10	30.08	30.08	NaN	-146.45	417.51	19.30	0.0091	NaN	NaN	NaN	670.00	0.0000	0.0906	0.00	10.00	0.00	2.04	10	1619736293	12.34	1619735774	32.89855	-117.29344	2	9	0.14	0.84	4.2	3.7	5043	334.9	1619736584	32.86815	-117.27261
1619737463	2021	04	29	23	04	23	32.90024	-117.29522	   4.1	1.42	4.98	3.30	7.00	6.07	18.20	76.30	NaN	NaN	13.98	30.07	30.07	NaN	-137.24	427.31	19.20	0.0091	NaN	NaN	NaN	670.00	0.0000	0.0906	0.00	10.00	0.00	2.04	10	1619737173	12.30	1619736654	32.90024	-117.29522	2	9	0.03	0.80	3.1	4.4	4984	331.6	1619737463	32.91587	-117.29221
1619738400	2021	04	29	23	20	00	32.90221	-117.29723	   3.1	4.44	4.16	1.94	5.83	5.07	18.20	76.00	NaN	NaN	13.92	30.07	30.07	NaN	-137.24	426.51	19.30	0.0091	NaN	NaN	NaN	670.00	0.0000	0.0906	0.00	10.00	0.00	2.04	10	1619738053	12.33	1619737534	32.90221	-117.29723	2	8	0.06	0.83	3.8	3.8	4984	334.8	1619738400	32.90478	-117.61711
1619739346	2021	04	29	23	35	46	32.90438	-117.29959	  -0.3	10.46	3.54	1.36	5.05	4.31	18.20	76.30	NaN	NaN	13.98	30.07	30.07	NaN	-137.24	427.31	19.30	0.0091	NaN	NaN	NaN	670.00	0.0000	0.0906	0.00	10.00	0.00	2.04	10	1619738933	12.33	1619738474	32.90438	-117.29959	2	10	0.16	0.87	5.1	3.7	5119	343.5	1619739346	32.86815	-117.27261
1619740224	2021	04	29	23	50	24	32.90675	-117.30189	  -7.3	19.79	3.23	1.36	5.25	3.93	18.20	76.60	NaN	NaN	14.04	30.07	30.07	NaN	-137.24	428.11	19.40	0.0091	NaN	NaN	NaN	670.00	0.0000	0.0906	0.00	10.00	0.00	2.04	10	1619739873	12.35	1619739414	32.90675	-117.30189	2	8	0.11	0.88	3.6	4.2	5094	347.6	1619740224	32.91587	-117.29221
1619741106	2021	04	30	00	05	06	32.90878	-117.30415	  -7.6	13.83	3.54	1.75	5.44	4.31	18.20	75.70	NaN	NaN	13.86	30.07	30.07	NaN	-137.24	425.71	19.40	0.0091	NaN	NaN	NaN	670.00	0.0000	0.0906	0.00	10.00	0.00	2.04	10	1619740813	12.35	1619740294	32.90878	-117.30415	2	8	0.22	0.87	3.5	3.6	0	343.7	1619741106	32.90687	-117.33022
1619741997	2021	04	30	00	19	57	32.91105	-117.30662	  -3.9	23.52	2.51	0.58	4.67	3.06	18.30	75.50	NaN	NaN	13.91	30.07	30.07	NaN	-137.24	438.13	19.50	0.0091	NaN	NaN	NaN	670.00	0.0000	0.0906	0.00	10.00	0.00	2.04	10	1619741693	12.35	1619741174	32.91105	-117.30662	2	9	0.20	0.83	4.1	4.1	5123	351.8	1619741997	32.90687	-117.33022
1619743043	2021	04	30	00	37	23	32.91328	-117.30897	  -4.4	18.35	2.86	0.39	5.05	3.48	18.40	75.50	NaN	NaN	14.01	30.07	30.07	NaN	-137.24	451.09	19.60	0.0102	NaN	NaN	NaN	680.00	0.0000	0.0906	0.00	10.00	0.00	2.04	10	1619742573	12.31	1619742052	32.91328	-117.30897	2	11	0.29	0.87	5.0	4.4	5049	351.1	1619743043	32.90687	-117.33022
1619744040	2021	04	30	00	54	00	32.91648	-117.31221	  -3.0	6.74	4.53	1.36	7.58	5.52	18.50	76.20	NaN	NaN	14.25	30.07	30.07	NaN	-137.24	465.94	19.60	0.0102	NaN	NaN	NaN	680.00	0.0000	0.0906	0.00	10.00	0.00	2.04	10	1619743452	12.31	1619743111	32.91648	-117.31221	2	12	0.39	0.82	5.5	3.9	5115	349.7	1619744040	32.91587	-117.29221
1619744923	2021	04	30	01	08	43	32.91989	-117.31580	   0.7	6.64	3.56	0.58	6.80	4.34	18.50	76.50	NaN	NaN	14.31	30.07	30.07	NaN	-137.24	466.76	19.40	0.0102	NaN	NaN	NaN	680.00	0.0000	0.0906	0.00	10.00	0.00	2.04	10	1619744511	12.33	1619744110	32.91989	-117.31580	2	11	0.25	0.82	4.7	4.5	5174	349.8	1619744923	32.90687	-117.33022
1619745862	2021	04	30	01	24	22	32.92292	-117.31894	  -0.2	1.72	4.34	1.75	7.58	5.29	18.50	77.30	NaN	NaN	14.47	30.07	30.07	NaN	-137.24	468.93	19.30	0.0102	NaN	NaN	NaN	690.00	0.0000	0.0906	0.00	10.00	0.00	2.04	10	1619745509	12.34	1619744989	32.92292	-117.31894	2	11	0.39	0.84	5.3	4.4	5080	352.2	1619745862	32.92576	-117.06276
1619746860	2021	04	30	01	41	00	32.92619	-117.32230	  -1.3	20.39	2.20	0.58	4.47	2.68	18.40	77.30	NaN	NaN	14.37	30.07	30.07	NaN	-137.24	455.94	19.20	0.0102	NaN	NaN	NaN	700.00	0.0000	0.0906	0.00	10.00	0.00	2.04	10	1619746388	12.36	1619745928	32.92619	-117.32230	2	10	0.31	0.83	4.7	3.8	5283	1.1	1619746860	32.95458	-117.34988
1619747741	2021	04	30	01	55	41	32.92875	-117.32513	   1.8	57.55	1.32	0.19	3.89	1.61	18.70	76.90	NaN	NaN	14.58	30.07	30.07	NaN	-137.24	493.81	19.30	0.0102	NaN	NaN	NaN	700.00	0.0000	0.0906	0.00	10.00	0.00	2.04	10	1619747327	12.36	1619746926	32.92875	-117.32513	2	10	0.31	0.86	5.4	5.4	5098	350.5	1619747741	32.90687	-117.33022
1619748620	2021	04	30	02	10	20	32.93162	-117.32809	   1.8	157.17	1.48	0.19	3.50	1.80	18.50	78.80	NaN	NaN	14.77	30.07	30.07	NaN	-137.24	472.99	19.10	0.0102	NaN	NaN	NaN	700.00	0.0000	0.0906	0.00	10.00	0.00	2.04	10	1619748325	12.37	1619747806	32.93162	-117.32809	2	11	0.44	0.84	4.6	4.0	5110	350.3	1619748620	32.94615	-117.29221
1619749497	2021	04	30	02	24	57	32.93470	-117.33138	   1.4	108.01	1.46	0.19	4.47	1.78	18.30	80.80	NaN	NaN	14.96	30.07	30.07	NaN	-137.24	452.33	18.70	0.0102	NaN	NaN	NaN	710.00	0.0000	0.0906	0.00	10.00	0.00	2.04	10	1619749205	12.40	1619748687	32.93470	-117.33138	2	11	0.43	0.89	6.2	4.1	5175	348.5	1619749497	32.92429	-117.34988
1619750379	2021	04	30	02	39	39	32.93794	-117.33491	   1.9	89.73	1.57	0.19	4.28	1.92	17.90	81.20	NaN	NaN	14.65	30.07	30.07	NaN	-137.24	401.22	18.00	0.0102	NaN	NaN	NaN	710.00	0.0000	0.0906	0.00	10.00	0.00	2.04	10	1619750086	12.42	1619749567	32.93794	-117.33491	2	11	0.25	0.85	4.5	4.7	5265	349.8	1619750379	32.95458	-117.34988
1619751255	2021	04	30	02	54	15	32.94100	-117.33805	   1.1	147.15	2.33	0.39	5.44	2.84	17.70	82.00	NaN	NaN	14.60	30.07	30.07	NaN	-137.24	377.21	17.60	0.0102	NaN	NaN	NaN	710.00	0.0000	0.0906	0.00	10.00	0.00	2.04	10	1619750966	12.44	1619750447	32.94100	-117.33805	2	11	0.28	0.83	4.5	4.4	5038	347.6	1619751255	32.95458	-117.34988
1619752142	2021	04	30	03	09	02	32.94419	-117.34146	   0.3	154.32	2.45	0.39	5.05	2.99	17.60	83.10	NaN	NaN	14.71	30.07	30.07	NaN	-137.24	366.98	17.50	0.0102	NaN	NaN	NaN	710.00	0.0000	0.0906	0.00	10.00	0.00	2.04	10	1619751846	12.47	1619751326	32.94419	-117.34146	2	11	0.28	0.82	4.5	4.2	5036	347.3	1619752142	32.95458	-117.34988
1619753017	2021	04	30	03	23	37	32.94718	-117.34443	  -0.1	180.19	2.35	0.19	4.86	2.87	17.50	83.30	NaN	NaN	14.65	30.08	30.08	NaN	-146.45	343.02	17.40	0.0102	NaN	NaN	NaN	710.00	0.0000	0.0906	0.00	10.00	0.00	2.04	10	1619752726	12.45	1619752206	32.94718	-117.34443	2	10	0.27	0.88	3.3	4.9	4768	318.8	1619753017	32.89938	-117.08139
1619753900	2021	04	30	03	38	20	32.94818	-117.34984	   1.2	185.96	2.41	0.19	5.25	2.94	17.60	81.50	NaN	NaN	14.41	30.09	30.09	NaN	-155.65	340.08	17.40	0.0102	NaN	NaN	NaN	710.00	0.0000	0.0906	0.00	10.00	0.00	2.04	10	1619753607	12.44	1619753087	32.94818	-117.34984	2	11	0.29	0.86	5.4	6.9	4813	310.3	1619753900	32.95458	-117.34988
1619754839	2021	04	30	03	53	59	32.94820	-117.35643	  -0.7	230.28	2.00	0.19	4.47	2.44	17.80	82.20	NaN	NaN	14.74	30.09	30.09	NaN	-155.65	367.98	17.60	0.0102	NaN	NaN	NaN	710.00	0.0000	0.0906	0.00	10.00	0.00	2.04	10	1619754486	12.42	1619753968	32.94820	-117.35643	2	12	0.45	0.88	6.3	6.9	4948	309.4	1619754839	32.95458	-117.34988
1619755848	2021	04	30	04	10	48	32.94812	-117.36370	  -1.7	249.96	1.91	0.19	5.64	2.32	17.70	83.60	NaN	NaN	14.90	30.09	30.09	NaN	-155.65	358.54	17.50	0.0102	NaN	NaN	NaN	740.00	0.0000	0.0906	0.00	10.00	0.00	2.04	10	1619755367	12.44	1619754909	32.94812	-117.36370	2	12	0.23	0.85	4.3	5.8	4778	293.0	1619755848	32.95458	-117.34988
1619756724	2021	04	30	04	25	24	32.94457	-117.36753	   1.1	169.14	3.50	0.78	6.42	4.27	17.60	84.10	NaN	NaN	14.90	30.10	30.10	NaN	-164.85	335.35	17.40	0.0102	NaN	NaN	NaN	740.00	0.0000	0.0906	0.00	10.00	0.00	2.04	10	1619756308	12.46	1619755910	32.94457	-117.36753	2	11	-0.42	0.84	3.7	5.1	4600	152.2	1619756724	32.95458	-117.34988
1619757603	2021	04	30	04	40	03	32.93848	-117.36750	   0.5	166.49	3.32	0.58	6.22	4.05	17.60	84.40	NaN	NaN	14.95	30.10	30.10	NaN	-164.85	336.11	17.40	0.0102	NaN	NaN	NaN	740.00	0.0000	0.0906	0.00	10.00	0.00	2.04	10	1619757309	12.45	1619756791	32.93848	-117.36750	2	12	-0.35	0.78	4.5	5.7	4659	152.5	1619757603	32.95458	-117.34988
1619758482	2021	04	30	04	54	42	32.93252	-117.36753	  -1.1	165.90	2.74	0.19	6.22	3.34	17.60	82.90	NaN	NaN	14.68	30.09	30.09	NaN	-155.65	343.67	17.30	0.0102	NaN	NaN	NaN	740.00	0.0000	0.0906	0.00	10.00	0.00	2.04	10	1619758190	12.47	1619757672	32.93252	-117.36753	2	11	-0.23	0.77	4.6	6.0	5240	125.0	1619758482	33.00603	-119.07541
1619759358	2021	04	30	05	09	18	32.92984	-117.36452	  -2.7	94.61	1.50	0.19	4.47	1.82	17.60	83.60	NaN	NaN	14.81	30.09	30.09	NaN	-155.65	345.46	17.30	0.0102	NaN	NaN	NaN	740.00	0.0000	0.0906	0.00	10.00	0.00	2.04	10	1619759071	12.44	1619758552	32.92984	-117.36452	2	10	-0.02	0.79	3.5	5.6	5265	74.8	1619759358	32.92429	-117.34988
1619760243	2021	04	30	05	24	03	32.92989	-117.35910	  -1.4	42.41	1.98	0.19	4.28	2.42	17.50	83.80	NaN	NaN	14.74	30.09	30.09	NaN	-155.65	332.90	17.20	0.0102	NaN	NaN	NaN	740.00	0.0000	0.0906	0.00	10.00	0.00	2.04	10	1619759952	12.46	1619759429	32.92989	-117.35910	2	8	-0.02	0.75	3.6	6.3	5201	80.1	1619760243	32.95458	-117.34988
1619761118	2021	04	30	05	38	38	32.92990	-117.35309	  -0.4	282.86	2.10	0.19	4.08	2.56	17.40	81.90	NaN	NaN	14.29	30.09	30.09	NaN	-155.65	315.01	17.20	0.0102	NaN	NaN	NaN	740.00	0.0000	0.0906	0.00	10.00	0.00	2.04	10	1619760829	12.45	1619760307	32.92990	-117.35309	2	7	-0.10	0.75	3.3	5.3	5225	92.2	1619761118	32.95458	-117.34988
1619761995	2021	04	30	05	53	15	32.92984	-117.34779	  -2.3	239.36	2.16	0.19	5.83	2.63	17.50	82.60	NaN	NaN	14.52	30.08	30.08	NaN	-146.45	341.24	17.20	0.0102	NaN	NaN	NaN	740.00	0.0000	0.0906	0.00	10.00	0.00	2.04	10	1619761706	12.48	1619761185	32.92984	-117.34779	2	8	96.22	0.79	NaN	5.8	0	60.3	1619761995	32.96359	-117.31185
1619762873	2021	04	30	06	07	53	32.93322	-117.34549	  -2.6	14.36	2.08	0.19	5.25	2.54	17.50	83.00	NaN	NaN	14.60	30.09	30.09	NaN	-155.65	330.86	17.20	0.0102	NaN	NaN	NaN	740.00	0.0000	0.0906	0.00	10.00	0.00	2.04	10	1619762586	12.51	1619762064	32.93322	-117.34549	2	8	0.19	0.85	4.1	4.3	5024	353.4	1619762873	32.95458	-117.34988
1619763753	2021	04	30	06	22	33	32.93893	-117.34557	  -3.3	38.73	1.89	0.00	4.28	2.30	17.30	78.90	NaN	NaN	13.62	30.08	30.08	NaN	-146.45	305.82	17.00	0.0102	NaN	NaN	NaN	740.00	0.0000	0.0906	0.00	10.00	0.00	2.04	10	1619763464	12.53	1619762944	32.93893	-117.34557	2	9	0.23	0.80	3.4	4.7	5310	356.5	1619763753	32.90687	-117.33022
1619764638	2021	04	30	06	37	18	32.94465	-117.34564	  -4.1	45.42	1.91	0.19	4.47	2.32	16.90	81.10	NaN	NaN	13.65	30.08	30.08	NaN	-146.45	259.27	16.70	0.0102	NaN	NaN	NaN	740.00	0.0000	0.0906	0.00	10.00	0.00	2.04	10	1619764345	12.55	1619763823	32.94465	-117.34564	2	10	0.17	0.81	3.5	5.3	4574	341.1	1619764638	32.94667	-117.19654
1619765523	2021	04	30	06	52	03	32.94833	-117.34766	  -2.6	60.15	1.15	0.00	2.92	1.40	16.70	81.20	NaN	NaN	13.48	30.08	30.08	NaN	-146.45	233.47	16.50	0.0102	NaN	NaN	NaN	740.00	0.0000	0.0906	0.00	10.00	0.00	2.04	10	1619765225	12.56	1619764704	32.94833	-117.34766	2	10	0.05	0.81	3.8	6.7	4674	278.6	1619765523	32.94615	-117.29221
1619766451	2021	04	30	07	07	31	32.94834	-117.35280	  -2.4	22.60	1.54	0.19	4.28	1.87	16.80	80.50	NaN	NaN	13.44	30.07	30.07	1018.31	-137.24	256.19	16.50	0.0102	NaN	NaN	NaN	740.00	0.0000	0.0906	0.00	10.00	0.00	2.04	10	1619766104	12.51	1619765586	32.94834	-117.35280	2	9	0.14	0.86	3.9	5.9	4608	285.5	1619766451	32.95458	-117.34988
1619767332	2021	04	30	07	22	12	32.94825	-117.35874	   1.1	340.94	2.04	0.19	4.67	2.49	16.90	81.40	NaN	NaN	13.71	30.07	30.07	1018.31	-137.24	271.41	16.60	0.0102	NaN	NaN	NaN	750.00	0.0000	0.0906	0.00	10.00	0.00	2.04	10	1619766987	12.49	1619766527	32.94825	-117.35874	2	9	0.04	0.85	4.7	6.2	4615	284.4	1619767332	32.95458	-117.34988
1619768221	2021	04	30	07	37	01	32.94826	-117.36467	   2.9	296.95	2.78	0.19	6.03	3.39	17.20	84.00	NaN	NaN	14.49	30.08	30.08	1018.65	-146.45	305.58	16.80	0.0102	NaN	NaN	NaN	750.00	0.0000	0.0906	0.00	10.00	0.00	2.04	10	1619767929	12.49	1619767409	32.94826	-117.36467	2	9	-0.06	0.82	4.6	6.3	4599	252.2	1619768221	32.95458	-117.34988
1619769103	2021	04	30	07	51	43	32.94524	-117.36743	   3.6	308.86	2.31	0.19	4.47	2.82	17.30	84.90	NaN	NaN	14.75	30.07	30.07	1018.31	-137.24	332.33	17.10	0.0102	NaN	NaN	NaN	750.00	0.0000	0.0906	0.00	10.00	0.00	2.04	10	1619768809	12.48	1619768291	32.94524	-117.36743	2	10	-0.29	0.81	3.5	4.9	4586	165.3	1619769103	32.90687	-117.33022
1619769986	2021	04	30	08	06	26	32.93984	-117.36746	   5.6	309.80	2.20	0.19	4.47	2.68	17.10	84.90	NaN	NaN	14.55	30.07	30.07	1018.31	-137.24	306.16	17.00	0.0102	NaN	NaN	NaN	750.00	0.0000	0.0906	0.00	10.00	0.00	2.04	10	1619769692	12.48	1619769172	32.93984	-117.36746	2	10	-0.42	0.79	3.0	5.1	4509	167.5	1619769986	32.95458	-117.34988
1619771046	2021	04	30	08	24	06	32.93420	-117.36746	   8.1	338.24	2.60	0.19	5.05	3.18	17.00	83.30	NaN	NaN	14.16	30.07	30.07	1018.31	-137.24	289.12	16.80	0.0102	NaN	NaN	NaN	750.00	0.0000	0.0906	0.00	10.00	0.00	2.04	10	1619770573	12.53	1619770054	32.93420	-117.36746	2	10	-0.37	0.77	2.6	6.0	4694	170.2	1619771046	32.95458	-117.34988
1619771925	2021	04	30	08	38	45	32.92988	-117.36491	   7.0	56.72	5.60	2.92	9.33	6.83	17.00	82.60	NaN	NaN	14.03	30.06	30.06	1017.97	-128.03	298.80	16.90	0.0102	NaN	NaN	NaN	750.00	0.0000	0.0906	0.00	10.00	0.00	2.04	10	1619771456	12.53	1619771116	32.92988	-117.36491	2	11	0.08	0.75	3.8	5.0	5229	81.2	1619771925	32.92429	-117.34988
1619772801	2021	04	30	08	53	21	32.92983	-117.35952	   8.1	72.00	5.58	2.72	8.75	6.80	16.40	78.10	NaN	NaN	12.59	30.06	30.06	1017.97	-128.03	209.87	16.30	0.0102	NaN	NaN	NaN	750.00	0.0000	0.0906	0.00	10.00	0.00	2.04	10	1619772518	12.55	1619771993	32.92983	-117.35952	2	10	0.05	0.76	3.1	5.6	5251	79.2	1619772801	32.92365	-117.44557
1619773681	2021	04	30	09	08	01	32.92981	-117.35371	   7.8	74.57	5.46	2.72	9.33	6.66	16.30	78.60	NaN	NaN	12.59	30.05	30.05	1017.64	-118.82	209.50	16.20	0.0102	NaN	NaN	NaN	750.00	0.0000	0.0906	0.00	10.00	0.00	2.04	10	1619773396	14.64	1619772871	32.92981	-117.35371	2	10	0.11	0.75	3.7	5.2	5264	81.6	1619773681	32.95458	-117.34988
1619774558	2021	04	30	09	22	38	32.92986	-117.34775	   6.7	85.69	3.32	0.19	7.39	4.05	16.30	78.10	NaN	NaN	12.49	30.06	30.06	1017.97	-128.03	196.91	16.10	0.0102	NaN	NaN	NaN	760.00	0.0000	0.0906	0.00	10.00	0.00	2.04	10	1619774273	14.66	1619773749	32.92986	-117.34775	2	10	0.05	0.78	4.0	4.2	4997	38.4	1619774558	32.91587	-117.29221
1619775441	2021	04	30	09	37	21	32.93247	-117.34549	   9.5	359.97	2.31	0.39	4.47	2.82	16.20	77.90	NaN	NaN	12.36	30.06	30.06	1017.97	-128.03	183.47	16.00	0.0102	NaN	NaN	NaN	760.00	0.0000	0.0906	0.00	10.00	0.00	2.04	10	1619775151	14.68	1619774628	32.93247	-117.34549	2	10	0.07	0.77	4.1	4.3	5207	353.7	1619775441	32.95458	-117.34988
1619776437	2021	04	30	09	53	57	32.93625	-117.34544	   6.4	337.72	3.03	0.97	5.44	3.70	16.30	78.30	NaN	NaN	12.53	30.05	30.05	1017.64	-118.82	208.79	16.00	0.0102	NaN	NaN	NaN	760.00	0.0000	0.0906	0.00	10.00	0.00	2.04	10	1619776030	14.68	1619775508	32.93625	-117.34544	2	9	0.15	0.80	3.2	4.3	5131	355.9	1619776437	32.95458	-117.34988
1619777320	2021	04	30	10	08	40	32.94022	-117.34547	   3.6	5.10	3.15	1.56	5.83	3.84	16.40	79.50	NaN	NaN	12.86	30.05	30.05	1017.64	-118.82	224.61	16.10	0.0102	NaN	NaN	NaN	760.00	0.0000	0.0906	0.00	10.00	0.00	2.04	10	1619776910	14.68	1619776508	32.94022	-117.34547	2	10	0.10	0.79	3.8	3.9	5208	0.7	1619777320	32.90687	-117.33022
1619778198	2021	04	30	10	23	18	32.94364	-117.34557	   0.8	67.02	3.99	1.56	6.61	4.86	15.90	77.20	NaN	NaN	11.93	30.05	30.05	1017.64	-118.82	154.40	15.90	0.0102	NaN	NaN	NaN	760.00	0.0000	0.0906	0.00	10.00	0.00	2.04	10	1619777910	14.68	1619777388	32.94364	-117.34557	2	10	0.06	0.78	4.9	4.1	5238	4.2	1619778198	32.95458	-117.34988
1619779081	2021	04	30	10	38	01	32.94725	-117.34547	  -1.7	62.54	1.94	0.19	4.28	2.37	15.90	78.10	NaN	NaN	12.10	30.05	30.05	1017.64	-118.82	156.48	15.70	0.0102	NaN	NaN	NaN	760.00	0.0000	0.0906	0.00	10.00	0.00	2.04	10	1619778790	14.68	1619778267	32.94725	-117.34547	2	9	0.02	0.81	4.2	4.5	4614	305.1	1619779081	32.95458	-117.34988
1619780021	2021	04	30	10	53	41	32.94815	-117.34857	  -4.6	44.51	1.94	0.19	3.89	2.37	15.90	79.00	NaN	NaN	12.28	30.04	30.04	1017.30	-109.61	169.97	15.60	0.0102	NaN	NaN	NaN	760.00	0.0000	0.0906	0.00	10.00	0.00	2.04	10	1619779669	14.68	1619779149	32.94815	-117.34857	2	10	-0.00	0.85	3.2	7.0	4687	285.6	1619780021	32.95394	-117.44557
1619780910	2021	04	30	11	08	30	32.94822	-117.35309	  -1.5	0.97	2.45	0.19	4.67	2.99	15.70	80.40	NaN	NaN	12.35	30.04	30.04	1017.30	-109.61	147.22	15.50	0.0102	NaN	NaN	NaN	760.00	0.0000	0.0906	0.00	10.00	0.00	2.04	10	1619780551	14.71	1619780091	32.94822	-117.35309	2	11	0.03	0.83	2.9	5.0	4613	287.1	1619780910	32.95458	-117.34988
1619781787	2021	04	30	11	23	07	32.94818	-117.35731	  -2.9	13.22	3.09	1.56	5.05	3.77	15.70	79.90	NaN	NaN	12.25	30.04	30.04	1017.30	-109.61	146.08	15.50	0.0102	NaN	NaN	NaN	760.00	0.0000	0.0906	0.00	10.00	0.00	2.04	10	1619781493	14.96	1619780972	32.94818	-117.35731	2	11	-0.08	0.81	3.5	5.4	4686	288.9	1619781787	32.92429	-117.34988
1619782667	2021	04	30	11	37	47	32.94817	-117.36174	  -1.7	39.61	2.06	0.19	4.28	2.51	15.80	80.60	NaN	NaN	12.49	30.04	30.04	1017.30	-109.61	160.67	15.60	0.0102	NaN	NaN	NaN	760.00	0.0000	0.0906	0.00	10.00	0.00	2.04	10	1619782375	15.26	1619781854	32.94817	-117.36174	2	10	-0.01	0.84	2.5	4.3	4759	281.4	1619782667	32.95458	-117.34988
1619783550	2021	04	30	11	52	30	32.94816	-117.36613	  -3.0	87.10	3.54	0.39	6.80	4.31	15.80	81.70	NaN	NaN	12.69	30.04	30.04	1017.30	-109.61	163.19	15.60	0.0102	NaN	NaN	NaN	760.00	0.0000	0.0906	0.00	10.00	0.00	2.04	10	1619783256	15.26	1619782736	32.94816	-117.36613	2	10	-0.08	0.81	3.1	4.4	4526	208.9	1619783550	32.95458	-117.34988
1619784444	2021	04	30	12	07	24	32.94422	-117.36746	  -0.1	110.12	4.41	1.75	7.19	5.38	15.90	81.70	NaN	NaN	12.79	30.03	30.03	1016.96	-100.39	187.62	15.80	0.0102	NaN	NaN	NaN	760.00	0.0000	0.0906	0.00	10.00	0.00	2.04	10	1619784138	15.26	1619783618	32.94422	-117.36746	2	9	-0.09	0.78	2.7	3.9	4596	178.6	1619784444	32.95458	-117.34988
1619785313	2021	04	30	12	21	53	32.93891	-117.36743	  -0.3	118.66	3.40	1.17	5.83	4.15	15.80	78.50	NaN	NaN	12.08	30.03	30.03	1016.96	-100.39	167.28	15.70	0.0102	NaN	NaN	NaN	760.00	0.0000	0.0906	0.00	10.00	0.00	2.04	10	1619785020	15.26	1619784500	32.93891	-117.36743	2	9	-0.14	0.80	4.0	3.5	4499	179.3	1619785313	32.95458	-117.34988
1619786193	2021	04	30	12	36	33	32.93337	-117.36750	   0.7	101.84	1.59	0.19	4.08	1.94	15.90	77.00	NaN	NaN	11.89	30.03	30.03	1016.96	-100.39	176.78	15.70	0.0102	NaN	NaN	NaN	760.00	0.0000	0.0906	0.00	10.00	0.00	2.04	10	1619785902	15.26	1619785382	32.93337	-117.36750	2	11	-0.03	0.78	3.3	3.8	5178	174.1	1619786193	32.92429	-117.34988
1619787077	2021	04	30	12	51	17	32.92978	-117.36579	   0.8	36.45	2.18	0.39	4.67	2.65	16.00	78.20	NaN	NaN	12.22	30.03	30.03	1016.96	-100.39	192.51	15.70	0.0102	NaN	NaN	NaN	760.00	0.0000	0.0906	0.00	10.00	0.00	2.04	10	1619786784	15.26	1619786264	32.92978	-117.36579	2	11	0.06	0.75	2.8	5.3	5311	71.1	1619787077	32.91527	-117.38788
1619787953	2021	04	30	13	05	53	32.92973	-117.36174	  -1.6	62.05	3.01	0.39	5.64	3.67	15.80	78.10	NaN	NaN	12.01	30.03	30.03	1016.96	-100.39	166.36	15.60	0.0102	NaN	NaN	NaN	760.00	0.0000	0.0906	0.00	10.00	0.00	2.04	10	1619787666	15.26	1619787143	32.92973	-117.36174	2	10	0.08	0.75	3.6	5.0	5353	67.9	1619787953	32.94749	-117.00519
1619788889	2021	04	30	13	21	29	32.92962	-117.35788	   0.8	58.75	4.65	2.14	7.39	5.66	15.80	77.50	NaN	NaN	11.89	30.04	30.04	1017.30	-109.61	153.57	15.60	0.0102	NaN	NaN	NaN	760.00	0.0000	0.0906	0.00	10.00	0.00	2.04	10	1619788545	15.26	1619788021	32.92962	-117.35788	2	9	0.05	0.75	3.4	4.6	5340	65.2	1619788889	32.92429	-117.34988
1619789768	2021	04	30	13	36	08	32.92978	-117.35370	  -1.0	76.24	4.35	2.14	7.39	5.31	15.90	74.80	NaN	NaN	11.45	30.04	30.04	1017.30	-109.61	160.29	15.80	0.0102	NaN	NaN	NaN	760.00	0.0000	0.0906	0.00	10.00	0.00	2.04	10	1619789423	15.26	1619788959	32.92978	-117.35370	2	8	-0.09	0.77	4.0	6.1	5340	65.4	1619789768	32.99326	-117.40758
1619790649	2021	04	30	13	50	49	32.92966	-117.34990	  -3.3	72.18	3.54	0.78	6.42	4.31	16.10	74.40	NaN	NaN	11.56	30.05	30.05	1017.64	-118.82	173.76	16.10	0.0102	NaN	NaN	NaN	770.00	0.0000	0.0906	0.00	10.00	0.00	2.04	10	1619790361	15.09	1619789836	32.92966	-117.34990	2	9	-0.05	0.75	2.8	5.8	5341	63.6	1619790649	32.95458	-117.34988
1619791586	2021	04	30	14	06	26	32.92979	-117.34639	  -3.1	37.72	3.32	1.17	6.22	4.05	16.00	74.20	NaN	NaN	11.42	30.05	30.05	1017.64	-118.82	160.39	16.30	0.0102	NaN	NaN	NaN	770.00	0.0000	0.0906	0.00	10.00	0.00	2.04	10	1619791239	14.95	1619790714	32.92979	-117.34639	2	10	0.05	0.77	4.4	5.6	5268	34.1	1619791586	32.95458	-117.34988
1619792462	2021	04	30	14	21	02	32.93187	-117.34559	  -3.2	43.37	2.76	0.19	6.42	3.37	16.30	72.70	NaN	NaN	11.40	30.05	30.05	1017.64	-118.82	195.55	16.60	0.0102	NaN	NaN	NaN	770.00	0.0000	0.0906	0.00	10.00	0.00	2.04	10	1619792117	14.91	1619791652	32.93187	-117.34559	2	9	-0.02	0.82	5.5	4.5	5252	12.9	1619792462	32.92429	-117.34988
1619793349	2021	04	30	14	35	49	32.93466	-117.34561	  -4.4	31.57	2.70	0.58	5.44	3.29	16.10	72.40	NaN	NaN	11.15	30.06	30.06	1017.97	-128.03	157.68	16.60	0.0102	NaN	NaN	NaN	770.00	0.0000	0.0906	0.00	10.00	0.00	2.04	10	1619793055	14.86	1619792530	32.93466	-117.34561	2	9	0.08	0.79	3.9	5.5	5222	16.6	1619793349	32.91587	-117.29221
1619794219	2021	04	30	14	50	19	32.93755	-117.34569	  -2.4	22.75	3.58	1.36	6.22	4.36	16.00	72.40	NaN	NaN	11.05	30.06	30.06	1017.97	-128.03	144.80	16.60	0.0102	NaN	NaN	NaN	770.00	0.0000	0.0906	0.00	10.00	0.00	2.04	10	1619793933	14.71	1619793408	32.93755	-117.34569	2	9	0.08	0.81	4.7	4.2	5224	12.6	1619794219	32.95458	-117.34988
1619795115	2021	04	30	15	05	15	32.94069	-117.34569	   0.3	32.17	3.67	1.56	6.22	4.48	16.20	67.90	NaN	NaN	10.28	30.06	30.06	1017.97	-128.03	159.98	16.70	0.0102	NaN	NaN	NaN	770.00	0.0000	0.0906	0.00	10.00	0.00	2.04	10	1619794811	14.69	1619794287	32.94069	-117.34569	2	9	-0.01	0.81	4.2	4.0	5327	11.6	1619795115	32.96565	-116.35441
1619795974	2021	04	30	15	19	34	32.94433	-117.34557	  -1.0	31.90	2.95	0.58	5.83	3.60	16.40	69.50	NaN	NaN	10.82	30.07	30.07	1018.31	-137.24	178.01	17.10	0.0102	NaN	NaN	NaN	770.00	0.0000	0.0906	0.00	10.00	0.00	2.04	10	1619795689	14.68	1619795165	32.94433	-117.34557	2	10	0.15	0.76	6.9	4.9	5246	12.8	1619795974	32.95620	-118.70953
1619796864	2021	04	30	15	34	24	32.94778	-117.34561	  -2.4	5.02	1.38	0.00	4.86	1.68	16.70	68.10	NaN	NaN	10.80	30.06	30.06	1017.97	-128.03	224.53	17.40	0.0102	NaN	NaN	NaN	770.00	0.0000	0.0906	0.00	10.00	0.00	2.04	10	1619796567	14.65	1619796044	32.94778	-117.34561	2	11	-0.06	0.86	4.1	5.8	4814	284.9	1619796864	32.94615	-117.29221
1619797858	2021	04	30	15	50	58	32.94818	-117.35169	  -5.7	353.50	1.96	0.19	4.86	2.39	16.60	66.10	NaN	NaN	10.26	30.06	30.06	1017.97	-128.03	206.90	17.80	0.0102	NaN	NaN	NaN	770.00	0.0000	0.0906	0.00	10.00	0.00	2.04	10	1619797446	12.57	1619796926	32.94818	-117.35169	2	11	0.00	0.84	3.3	6.7	4638	281.5	1619797858	32.92429	-117.34988
1619798745	2021	04	30	16	05	45	32.94816	-117.35840	  -2.0	324.93	2.00	0.19	5.64	2.44	16.60	67.80	NaN	NaN	10.64	30.07	30.07	1018.31	-137.24	199.59	18.20	0.0102	NaN	NaN	NaN	770.00	0.0000	0.0906	0.00	10.00	0.00	2.04	10	1619798328	12.51	1619797928	32.94816	-117.35840	2	11	-0.05	0.84	2.4	5.2	4505	283.2	1619798745	32.95458	-117.34988
1619799635	2021	04	30	16	20	35	32.94821	-117.36374	  -2.3	313.87	2.10	0.19	5.05	2.56	16.70	72.90	NaN	NaN	11.83	30.07	30.07	1018.31	-137.24	224.76	18.20	0.0102	NaN	NaN	NaN	770.00	0.0000	0.0906	0.00	10.00	0.00	2.04	10	1619799330	12.46	1619798811	32.94821	-117.36374	2	12	-0.04	0.83	2.8	5.8	5014	294.5	1619799635	32.95458	-117.34988
1619800575	2021	04	30	16	36	15	32.94968	-117.36782	  -1.6	342.97	1.69	0.19	4.47	2.06	17.00	74.10	NaN	NaN	12.37	30.06	30.06	1017.97	-128.03	277.80	18.60	0.0102	NaN	NaN	NaN	770.00	0.0000	0.0906	0.00	10.00	0.00	2.04	10	1619800213	12.43	1619799694	32.94968	-117.36782	2	11	-0.11	0.84	2.8	4.2	4849	313.3	1619800575	32.94556	-117.38788
1619801447	2021	04	30	16	50	47	32.95296	-117.37051	  -1.5	329.02	3.48	1.17	5.64	4.24	17.10	76.00	NaN	NaN	12.85	30.06	30.06	1017.97	-128.03	295.44	18.60	0.0102	NaN	NaN	NaN	770.00	0.0000	0.0906	0.00	10.00	0.00	2.04	10	1619801096	12.35	1619800636	32.95296	-117.37051	2	11	-0.14	0.84	2.6	5.5	4728	306.7	1619801447	32.92485	-117.25418
1619802323	2021	04	30	17	05	23	32.95563	-117.37279	  -1.7	329.78	3.25	0.97	5.83	3.96	17.20	76.00	NaN	NaN	12.95	30.07	30.07	1018.31	-137.24	296.98	18.60	0.0102	NaN	NaN	NaN	770.00	0.0000	0.0906	0.00	10.00	0.00	2.04	10	1619802038	12.33	1619801517	32.95563	-117.37279	2	10	0.00	0.87	2.7	4.9	4802	310.3	1619802323	33.00407	-119.17109
1619803214	2021	04	30	17	20	14	32.95827	-117.37489	  -2.7	335.21	4.08	1.75	7.00	4.98	17.20	73.00	NaN	NaN	12.33	30.06	30.06	1017.97	-128.03	300.88	18.50	0.0102	NaN	NaN	NaN	770.00	0.0000	0.0906	0.00	10.00	0.00	2.04	10	1619802920	12.32	1619802399	32.95827	-117.37489	2	10	-0.02	0.84	3.1	5.2	4720	313.6	1619803214	32.95458	-117.34988
1619804157	2021	04	30	17	35	57	32.96072	-117.37699	  -2.2	322.62	4.24	1.94	7.00	5.17	17.50	65.90	NaN	NaN	11.07	30.06	30.06	1017.97	-128.03	321.48	18.60	0.0102	NaN	NaN	NaN	770.00	0.0000	0.0906	0.00	10.00	0.00	2.04	10	1619803802	12.32	1619803281	32.96072	-117.37699	2	10	-0.04	0.85	2.0	5.0	4960	309.4	1619804157	32.96299	-117.40758
1619805100	2021	04	30	17	51	40	32.96318	-117.37902	  -2.1	320.77	4.55	2.14	7.39	5.55	17.70	73.20	NaN	NaN	12.86	30.06	30.06	1017.97	-128.03	365.90	18.80	0.0102	NaN	NaN	NaN	770.00	0.0000	0.0906	0.00	10.00	0.00	2.04	10	1619804684	12.31	1619804223	32.96318	-117.37902	2	10	0.07	0.85	3.0	4.4	4797	317.2	1619805100	32.95458	-117.34988
1619805978	2021	04	30	18	06	18	32.96566	-117.38109	  -3.0	321.78	4.57	2.33	7.00	5.57	17.60	74.90	NaN	NaN	13.11	30.06	30.06	1017.97	-128.03	357.35	18.80	0.0102	NaN	NaN	NaN	770.00	0.0000	24401720.0154	0.00	10.00	0.00	2.04	10	1619805625	12.31	1619805165	32.96566	-117.38109	2	12	-0.07	0.83	2.8	4.3	4751	312.2	1619805978	32.94556	-117.38788
1619806920	2021	04	30	18	22	00	32.96778	-117.38280	   2.3	319.51	5.15	3.11	7.78	6.28	17.80	76.80	NaN	NaN	13.69	30.06	30.06	1017.97	-128.03	388.15	18.90	0.0102	NaN	NaN	NaN	770.00	0.0000	0.0906	0.00	10.00	0.00	2.04	10	1619806567	12.31	1619806047	32.96778	-117.38280	2	12	-0.01	0.85	2.4	5.1	4991	312.7	1619806920	32.95458	-117.34988
1619807802	2021	04	30	18	36	42	32.97002	-117.38447	   3.6	316.01	6.34	4.08	9.14	7.73	17.90	79.00	NaN	NaN	14.22	30.06	30.06	1017.97	-128.03	406.87	18.90	0.0102	NaN	NaN	NaN	770.00	0.0000	0.0906	0.00	10.00	0.00	2.04	10	1619807449	12.30	1619806989	32.97002	-117.38447	2	11	0.05	0.84	3.7	5.9	4876	316.7	1619807802	32.95458	-117.34988
1619808684	2021	04	30	18	51	24	32.97205	-117.38631	   4.2	310.01	6.86	4.28	9.53	8.37	18.00	80.00	NaN	NaN	14.51	30.05	30.05	1017.64	-118.82	433.91	18.90	0.0102	NaN	NaN	NaN	770.00	0.0000	0.0906	0.00	10.00	0.00	2.04	10	1619808391	12.31	1619807871	32.97205	-117.38631	2	11	0.17	0.85	2.8	5.0	4928	319.9	1619808684	32.96299	-117.40758
1619809629	2021	04	30	19	07	09	32.97425	-117.38804	   4.2	308.83	6.65	3.89	9.33	8.11	17.90	81.00	NaN	NaN	14.61	30.05	30.05	1017.64	-118.82	423.50	18.80	0.0102	NaN	NaN	NaN	770.00	0.0000	0.0906	0.00	10.00	0.00	2.04	10	1619809273	12.33	1619808754	32.97425	-117.38804	2	11	0.12	0.86	2.6	5.1	4750	318.9	1619809629	32.95394	-117.44557
1619810631	2021	04	30	19	23	51	32.97644	-117.38986	   3.0	313.38	7.00	4.47	9.91	8.53	18.00	81.90	NaN	NaN	14.88	30.04	30.04	1017.30	-109.61	450.31	18.80	0.0102	NaN	NaN	NaN	770.00	0.0000	0.0906	0.00	10.00	0.00	2.04	10	1619810156	12.32	1619809697	32.97644	-117.38986	2	12	0.17	0.80	2.9	5.5	4986	322.4	1619810631	32.96299	-117.40758
1619811518	2021	04	30	19	38	38	32.97850	-117.39163	   0.4	311.47	7.91	4.08	11.08	9.65	18.00	82.20	NaN	NaN	14.93	30.04	30.04	1017.30	-109.61	451.10	18.90	0.0102	NaN	NaN	NaN	770.00	0.0000	0.0906	0.00	10.00	0.00	2.04	10	1619811099	12.34	1619810700	32.97850	-117.39163	2	11	0.26	0.90	3.4	4.6	4978	318.9	1619811518	32.96299	-117.40758
1619812397	2021	04	30	19	53	17	32.98013	-117.39294	  -1.2	307.37	7.66	4.47	11.08	9.34	18.00	82.60	NaN	NaN	15.01	30.04	30.04	1017.30	-109.61	452.15	18.80	0.0102	NaN	NaN	NaN	780.00	0.0000	0.0906	0.00	10.00	0.00	2.04	10	1619812102	12.34	1619811582	32.98013	-117.39294	2	11	0.21	0.89	4.5	4.1	4888	319.7	1619812397	32.96299	-117.40758
1619813277	2021	04	30	20	07	57	32.98168	-117.39426	  -2.6	310.92	6.90	4.47	9.53	8.41	18.10	82.40	NaN	NaN	15.07	30.04	30.04	1017.30	-109.61	464.69	18.90	0.0118	NaN	NaN	NaN	800.00	0.0000	0.0906	0.00	10.00	0.00	2.04	10	1619812985	12.32	1619812464	32.98168	-117.39426	2	10	0.09	0.83	3.9	5.0	4860	320.6	1619813277	32.96299	-117.40758
1619814225	2021	04	30	20	23	45	32.98339	-117.39582	  -3.5	318.40	6.24	3.11	9.53	7.61	18.10	82.20	NaN	NaN	15.03	30.03	30.03	1016.96	-100.39	475.57	19.00	0.0118	NaN	NaN	NaN	820.00	0.0000	0.0906	0.00	10.00	0.00	2.04	10	1619813867	12.36	1619813347	32.98339	-117.39582	2	10	0.30	0.80	4.9	4.7	4775	326.9	1619814225	32.96299	-117.40758
1619815105	2021	04	30	20	38	25	32.98544	-117.39736	   0.0	319.44	5.99	2.92	8.75	7.30	18.20	82.30	NaN	NaN	15.15	30.03	30.03	1016.96	-100.39	488.90	19.10	0.0118	NaN	NaN	NaN	850.00	0.0000	0.0906	0.00	10.00	0.00	2.04	10	1619814750	12.36	1619814290	32.98544	-117.39736	2	8	0.16	0.87	4.5	4.3	4968	324.4	1619815105	33.00230	-117.36955
1619815985	2021	04	30	20	53	05	32.98747	-117.39914	   0.3	314.28	5.77	3.69	8.75	7.04	18.20	82.40	NaN	NaN	15.17	30.03	30.03	1016.96	-100.39	489.16	19.20	0.0118	NaN	NaN	NaN	870.00	0.0000	0.0906	0.00	10.00	0.00	2.04	10	1619815693	12.35	1619815173	32.98747	-117.39914	2	8	0.34	0.84	5.2	5.2	5067	329.3	1619815985	32.99326	-117.40758
1619816932	2021	04	30	21	08	52	32.98943	-117.40081	   1.2	301.65	6.26	3.50	9.91	7.63	18.30	81.20	NaN	NaN	15.04	30.03	30.03	1016.96	-100.39	499.01	19.20	0.0118	NaN	NaN	NaN	890.00	0.0000	0.0906	0.00	10.00	0.00	2.04	10	1619816576	12.33	1619816056	32.98943	-117.40081	2	9	0.36	0.87	5.2	4.8	4908	329.0	1619816932	33.00428	-118.09768
1619817814	2021	04	30	21	23	34	32.99169	-117.40254	   0.2	299.98	6.67	3.89	10.11	8.13	18.30	80.70	NaN	NaN	14.94	30.02	30.02	1016.62	-91.17	509.08	19.20	0.0122	NaN	NaN	NaN	910.00	0.0000	0.0906	0.00	10.00	0.00	2.04	10	1619817458	12.33	1619816999	32.99169	-117.40254	2	8	0.41	0.86	4.5	4.5	5031	327.0	1619817814	33.00164	-117.46531
1619818697	2021	04	30	21	38	17	32.99402	-117.40456	   0.9	298.99	6.51	3.69	9.14	7.94	18.30	82.00	NaN	NaN	15.19	30.02	30.02	1016.62	-91.17	512.57	19.20	0.0122	NaN	NaN	NaN	950.00	0.0000	0.0906	0.00	10.00	0.00	2.04	10	1619818401	12.33	1619817882	32.99402	-117.40456	2	9	0.39	0.83	5.5	4.8	212435	325.6	1619818697	33.00230	-117.36955
1619819589	2021	04	30	21	53	09	32.99635	-117.40648	   0.5	308.17	6.30	3.89	9.14	7.68	18.30	82.30	NaN	NaN	15.25	30.02	30.02	1016.62	-91.17	513.37	19.10	0.0122	NaN	NaN	NaN	1010.00	0.0000	0.0906	0.00	10.00	0.00	2.04	10	1619819284	12.34	1619818765	32.99635	-117.40648	2	10	0.16	0.84	4.5	4.5	5042	326.4	1619819589	32.96299	-117.40758
1619820523	2021	04	30	22	08	43	32.99854	-117.40820	   1.9	309.22	5.95	0.00	8.55	7.25	18.30	80.70	NaN	NaN	14.94	30.02	30.02	1016.62	-91.17	509.08	19.10	0.0122	NaN	NaN	NaN	1030.00	0.0000	0.0906	0.00	10.00	0.00	2.04	10	1619820167	12.35	1619819648	32.99854	-117.40820	2	8	0.09	0.90	3.8	4.5	4902	322.1	1619820523	32.99326	-117.40758
1619821406	2021	04	30	22	23	26	33.00085	-117.41007	   2.3	314.98	6.61	3.89	9.72	8.06	18.30	81.80	NaN	NaN	15.15	30.01	30.01	1016.28	-81.95	523.45	19.10	0.0126	NaN	NaN	NaN	1070.00	0.0000	0.0906	0.00	10.00	0.00	2.04	10	1619821050	12.35	1619820591	33.00085	-117.41007	2	8	0.20	0.75	3.9	5.7	4881	325.8	1619821406	32.99326	-117.40758
1619822288	2021	04	30	22	38	08	33.00295	-117.41183	   2.0	313.72	6.98	4.47	9.72	8.51	18.40	81.70	NaN	NaN	15.23	30.02	30.02	1016.62	-91.17	524.82	19.20	0.0126	NaN	NaN	NaN	1120.00	0.0000	0.0906	0.00	10.00	0.00	2.04	10	1619821993	12.35	1619821474	33.00295	-117.41183	2	8	0.13	0.89	4.5	4.9	4836	324.5	1619822288	33.01071	-117.42730
1619823174	2021	04	30	22	52	54	33.00499	-117.41364	   3.1	314.29	6.45	3.30	9.91	7.87	18.30	82.30	NaN	NaN	15.25	30.01	30.01	1016.28	-81.95	524.79	19.10	0.0126	NaN	NaN	NaN	1150.00	0.0000	0.0906	0.00	10.00	0.00	2.04	10	1619822876	12.34	1619822357	33.00499	-117.41364	2	9	0.30	0.81	4.5	5.5	4902	327.0	1619823174	33.00230	-117.36955
1619824056	2021	04	30	23	07	36	33.00721	-117.41533	   3.5	326.43	5.31	3.11	7.97	6.47	18.20	81.80	NaN	NaN	15.05	30.00	30.00	1015.94	-72.73	521.81	19.10	0.0130	NaN	NaN	NaN	1180.00	0.0000	0.0906	0.00	10.00	0.00	2.04	10	1619823759	12.34	1619823239	33.00721	-117.41533	2	8	0.33	0.84	4.9	4.4	4927	330.5	1619824056	32.97620	-115.22392
1619825058	2021	04	30	23	24	18	33.00906	-117.41706	  -0.5	328.41	4.24	1.75	6.80	5.17	18.10	81.80	NaN	NaN	14.96	29.99	29.99	1015.60	-63.50	520.18	19.00	0.0138	NaN	NaN	NaN	1230.00	0.0000	0.0906	0.00	10.00	0.00	2.04	10	1619824642	12.34	1619824122	33.00906	-117.41706	2	10	0.27	0.78	4.0	5.7	4939	332.9	1619825058	33.00230	-117.36955
1619825999	2021	04	30	23	39	59	33.01120	-117.41865	  -1.5	318.95	2.33	0.19	5.25	2.84	18.10	81.20	NaN	NaN	14.84	29.99	29.99	1015.60	-63.50	518.59	19.20	0.0138	NaN	NaN	NaN	1240.00	0.0000	0.0906	0.00	10.00	0.00	2.04	10	1619825525	12.34	1619825125	33.01120	-117.41865	2	9	0.36	0.77	5.5	4.9	4979	334.6	1619825999	32.99326	-117.40758
1619826887	2021	04	30	23	54	47	33.01320	-117.42038	  -7.6	317.05	1.81	0.19	4.67	2.20	18.20	80.20	NaN	NaN	14.75	29.99	29.99	1015.60	-63.50	528.96	19.50	0.0138	NaN	NaN	NaN	1260.00	0.0000	0.0906	0.00	10.00	0.00	2.04	10	1619826528	12.34	1619826068	33.01320	-117.42038	2	8	0.38	0.85	4.1	4.3	4947	335.3	1619826887	32.99326	-117.40758
